"x" "y" "ID" "Artensumme"
8.427080847 55.061172133 15 NA
8.241080847 54.937172133 70 NA
8.427080847 54.937172133 71 NA
8.582080847 54.937172133 72 NA
8.737080847 54.937172133 73 NA
8.923080847 54.937172133 74 8
8.241080847 54.844172133 126 NA
8.427080847 54.844172133 127 NA
8.582080847 54.844172133 128 NA
8.737080847 54.844172133 129 NA
8.923080847 54.844172133 130 NA
9.078080847 54.844172133 131 NA
9.264080847 54.844172133 132 NA
9.419080847 54.844172133 133 NA
9.574080847 54.844172133 134 NA
9.760080847 54.844172133 135 NA
8.241080847 54.751172133 182 NA
8.427080847 54.751172133 183 15
8.582080847 54.751172133 184 NA
8.737080847 54.751172133 185 NA
8.923080847 54.751172133 186 15
9.078080847 54.751172133 187 5
9.264080847 54.751172133 188 4
9.419080847 54.751172133 189 11
9.574080847 54.751172133 190 11
9.760080847 54.751172133 191 9
9.915080847 54.751172133 192 10
10.070080847 54.751172133 193 NA
8.241080847 54.658172133 238 NA
8.427080847 54.658172133 239 NA
8.582080847 54.658172133 240 NA
8.737080847 54.658172133 241 NA
8.923080847 54.658172133 242 5
9.078080847 54.658172133 243 8
9.264080847 54.658172133 244 5
9.419080847 54.658172133 245 11
9.574080847 54.658172133 246 10
9.760080847 54.658172133 247 9
9.915080847 54.658172133 248 10
10.070080847 54.658172133 249 NA
13.263080847 54.658172133 268 12
13.418080847 54.658172133 269 10
8.582080847 54.534172133 296 15
8.737080847 54.534172133 297 NA
8.923080847 54.534172133 298 13
9.078080847 54.534172133 299 11
9.264080847 54.534172133 300 10
9.419080847 54.534172133 301 5
9.574080847 54.534172133 302 9
9.760080847 54.534172133 303 10
9.915080847 54.534172133 304 9
10.070080847 54.534172133 305 NA
11.093080847 54.534172133 311 16
11.248080847 54.534172133 312 NA
13.077080847 54.534172133 323 NA
13.263080847 54.534172133 324 10
13.418080847 54.534172133 325 NA
13.573080847 54.534172133 326 10
8.582080847 54.441172133 352 NA
8.737080847 54.441172133 353 NA
8.923080847 54.441172133 354 15
9.078080847 54.441172133 355 16
9.264080847 54.441172133 356 10
9.419080847 54.441172133 357 10
9.574080847 54.441172133 358 10
9.760080847 54.441172133 359 10
9.915080847 54.441172133 360 13
10.070080847 54.441172133 361 NA
10.256080847 54.441172133 362 NA
10.411080847 54.441172133 363 NA
11.093080847 54.441172133 367 11
11.248080847 54.441172133 368 8
12.426080847 54.441172133 375 NA
12.581080847 54.441172133 376 12
12.736080847 54.441172133 377 NA
12.922080847 54.441172133 378 NA
13.077080847 54.441172133 379 NA
13.263080847 54.441172133 380 5
13.418080847 54.441172133 381 8
13.573080847 54.441172133 382 15
8.582080847 54.348172133 408 NA
8.737080847 54.348172133 409 NA
8.923080847 54.348172133 410 NA
9.078080847 54.348172133 411 NA
9.264080847 54.348172133 412 NA
9.419080847 54.348172133 413 NA
9.574080847 54.348172133 414 NA
9.760080847 54.348172133 415 NA
9.915080847 54.348172133 416 NA
10.070080847 54.348172133 417 NA
10.256080847 54.348172133 418 NA
10.411080847 54.348172133 419 NA
10.597080847 54.348172133 420 NA
10.752080847 54.348172133 421 NA
10.907080847 54.348172133 422 NA
11.093080847 54.348172133 423 NA
12.426080847 54.348172133 431 NA
12.581080847 54.348172133 432 NA
12.736080847 54.348172133 433 NA
12.922080847 54.348172133 434 NA
13.077080847 54.348172133 435 NA
13.263080847 54.348172133 436 NA
13.418080847 54.348172133 437 NA
13.573080847 54.348172133 438 NA
13.759080847 54.348172133 439 NA
8.582080847 54.255172133 464 NA
8.737080847 54.255172133 465 NA
8.923080847 54.255172133 466 11
9.078080847 54.255172133 467 13
9.264080847 54.255172133 468 4
9.419080847 54.255172133 469 17
9.574080847 54.255172133 470 17
9.760080847 54.255172133 471 12
9.915080847 54.255172133 472 12
10.070080847 54.255172133 473 NA
10.256080847 54.255172133 474 13
10.411080847 54.255172133 475 12
10.597080847 54.255172133 476 12
10.752080847 54.255172133 477 10
10.907080847 54.255172133 478 12
11.093080847 54.255172133 479 17
12.240080847 54.255172133 486 11
12.426080847 54.255172133 487 12
12.581080847 54.255172133 488 2
12.736080847 54.255172133 489 NA
12.922080847 54.255172133 490 9
13.077080847 54.255172133 491 9
13.263080847 54.255172133 492 10
13.418080847 54.255172133 493 12
13.573080847 54.255172133 494 NA
13.759080847 54.255172133 495 NA
7.931080847 54.162172133 516 NA
8.737080847 54.162172133 521 NA
8.923080847 54.162172133 522 10
9.078080847 54.162172133 523 14
9.264080847 54.162172133 524 7
9.419080847 54.162172133 525 12
9.574080847 54.162172133 526 11
9.760080847 54.162172133 527 11
9.915080847 54.162172133 528 11
10.070080847 54.162172133 529 NA
10.256080847 54.162172133 530 10
10.411080847 54.162172133 531 14
10.597080847 54.162172133 532 13
10.752080847 54.162172133 533 11
10.907080847 54.162172133 534 10
11.093080847 54.162172133 535 NA
11.589080847 54.162172133 538 NA
11.744080847 54.162172133 539 16
11.930080847 54.162172133 540 15
12.085080847 54.162172133 541 14
12.240080847 54.162172133 542 9
12.426080847 54.162172133 543 5
12.581080847 54.162172133 544 11
12.736080847 54.162172133 545 NA
12.922080847 54.162172133 546 5
13.077080847 54.162172133 547 10
13.263080847 54.162172133 548 11
13.418080847 54.162172133 549 18
13.573080847 54.162172133 550 NA
13.759080847 54.162172133 551 12
13.914080847 54.162172133 552 NA
8.737080847 54.038172133 577 NA
8.923080847 54.038172133 578 12
9.078080847 54.038172133 579 13
9.264080847 54.038172133 580 12
9.419080847 54.038172133 581 6
9.574080847 54.038172133 582 6
9.760080847 54.038172133 583 5
9.915080847 54.038172133 584 11
10.070080847 54.038172133 585 NA
10.256080847 54.038172133 586 6
10.411080847 54.038172133 587 13
10.597080847 54.038172133 588 12
10.752080847 54.038172133 589 12
10.907080847 54.038172133 590 NA
11.093080847 54.038172133 591 NA
11.248080847 54.038172133 592 NA
11.403080847 54.038172133 593 NA
11.589080847 54.038172133 594 9
11.744080847 54.038172133 595 6
11.930080847 54.038172133 596 7
12.085080847 54.038172133 597 10
12.240080847 54.038172133 598 11
12.426080847 54.038172133 599 9
12.581080847 54.038172133 600 4
12.736080847 54.038172133 601 NA
12.922080847 54.038172133 602 4
13.077080847 54.038172133 603 4
13.263080847 54.038172133 604 1
13.418080847 54.038172133 605 2
13.573080847 54.038172133 606 0
13.759080847 54.038172133 607 10
13.914080847 54.038172133 608 13
14.069080847 54.038172133 609 NA
8.427080847 53.945172133 631 NA
8.582080847 53.945172133 632 NA
8.923080847 53.945172133 634 12
9.078080847 53.945172133 635 12
9.264080847 53.945172133 636 16
9.419080847 53.945172133 637 16
9.574080847 53.945172133 638 13
9.760080847 53.945172133 639 12
9.915080847 53.945172133 640 9
10.070080847 53.945172133 641 NA
10.256080847 53.945172133 642 12
10.411080847 53.945172133 643 12
10.597080847 53.945172133 644 12
10.752080847 53.945172133 645 13
10.907080847 53.945172133 646 13
11.093080847 53.945172133 647 8
11.248080847 53.945172133 648 14
11.403080847 53.945172133 649 NA
11.589080847 53.945172133 650 4
11.744080847 53.945172133 651 8
11.930080847 53.945172133 652 8
12.085080847 53.945172133 653 9
12.240080847 53.945172133 654 2
12.426080847 53.945172133 655 4
12.581080847 53.945172133 656 7
12.736080847 53.945172133 657 NA
12.922080847 53.945172133 658 8
13.077080847 53.945172133 659 9
13.263080847 53.945172133 660 7
13.418080847 53.945172133 661 4
13.573080847 53.945172133 662 3
13.759080847 53.945172133 663 6
13.914080847 53.945172133 664 12
14.069080847 53.945172133 665 NA
14.255080847 53.945172133 666 NA
8.582080847 53.852172133 688 NA
8.737080847 53.852172133 689 NA
8.923080847 53.852172133 690 NA
9.078080847 53.852172133 691 NA
9.264080847 53.852172133 692 NA
9.419080847 53.852172133 693 NA
9.574080847 53.852172133 694 NA
9.760080847 53.852172133 695 NA
9.915080847 53.852172133 696 NA
10.070080847 53.852172133 697 NA
10.256080847 53.852172133 698 NA
10.411080847 53.852172133 699 NA
10.597080847 53.852172133 700 NA
10.752080847 53.852172133 701 NA
10.907080847 53.852172133 702 NA
11.093080847 53.852172133 703 NA
11.248080847 53.852172133 704 NA
11.403080847 53.852172133 705 NA
11.589080847 53.852172133 706 NA
11.744080847 53.852172133 707 NA
11.930080847 53.852172133 708 NA
12.085080847 53.852172133 709 NA
12.240080847 53.852172133 710 NA
12.426080847 53.852172133 711 NA
12.581080847 53.852172133 712 NA
12.736080847 53.852172133 713 NA
12.922080847 53.852172133 714 NA
13.077080847 53.852172133 715 NA
13.263080847 53.852172133 716 NA
13.418080847 53.852172133 717 NA
13.573080847 53.852172133 718 NA
13.759080847 53.852172133 719 NA
13.914080847 53.852172133 720 NA
14.069080847 53.852172133 721 NA
14.255080847 53.852172133 722 NA
7.249080847 53.759172133 736 NA
7.404080847 53.759172133 737 NA
7.590080847 53.759172133 738 NA
7.745080847 53.759172133 739 NA
7.931080847 53.759172133 740 NA
8.086080847 53.759172133 741 NA
8.582080847 53.759172133 744 NA
8.737080847 53.759172133 745 NA
8.923080847 53.759172133 746 NA
9.078080847 53.759172133 747 NA
9.264080847 53.759172133 748 NA
9.419080847 53.759172133 749 NA
9.574080847 53.759172133 750 NA
9.760080847 53.759172133 751 NA
9.915080847 53.759172133 752 NA
10.070080847 53.759172133 753 NA
10.256080847 53.759172133 754 NA
10.411080847 53.759172133 755 NA
10.597080847 53.759172133 756 NA
10.752080847 53.759172133 757 NA
10.907080847 53.759172133 758 NA
11.093080847 53.759172133 759 NA
11.248080847 53.759172133 760 NA
11.403080847 53.759172133 761 NA
11.589080847 53.759172133 762 NA
11.744080847 53.759172133 763 NA
11.930080847 53.759172133 764 NA
12.085080847 53.759172133 765 NA
12.240080847 53.759172133 766 NA
12.426080847 53.759172133 767 NA
12.581080847 53.759172133 768 NA
12.736080847 53.759172133 769 NA
12.922080847 53.759172133 770 NA
13.077080847 53.759172133 771 NA
13.263080847 53.759172133 772 NA
13.418080847 53.759172133 773 NA
13.573080847 53.759172133 774 NA
13.759080847 53.759172133 775 NA
13.914080847 53.759172133 776 NA
14.069080847 53.759172133 777 NA
14.255080847 53.759172133 778 NA
6.753080847 53.635172133 789 NA
6.908080847 53.635172133 790 NA
7.094080847 53.635172133 791 NA
7.249080847 53.635172133 792 NA
7.404080847 53.635172133 793 NA
7.590080847 53.635172133 794 NA
7.745080847 53.635172133 795 NA
7.931080847 53.635172133 796 NA
8.086080847 53.635172133 797 NA
8.241080847 53.635172133 798 NA
8.427080847 53.635172133 799 NA
8.582080847 53.635172133 800 NA
8.737080847 53.635172133 801 NA
8.923080847 53.635172133 802 NA
9.078080847 53.635172133 803 NA
9.264080847 53.635172133 804 NA
9.419080847 53.635172133 805 NA
9.574080847 53.635172133 806 NA
9.760080847 53.635172133 807 NA
9.915080847 53.635172133 808 NA
10.070080847 53.635172133 809 NA
10.256080847 53.635172133 810 NA
10.411080847 53.635172133 811 NA
10.597080847 53.635172133 812 NA
10.752080847 53.635172133 813 NA
10.907080847 53.635172133 814 NA
11.093080847 53.635172133 815 NA
11.248080847 53.635172133 816 NA
11.403080847 53.635172133 817 NA
11.589080847 53.635172133 818 NA
11.744080847 53.635172133 819 NA
11.930080847 53.635172133 820 NA
12.085080847 53.635172133 821 NA
12.240080847 53.635172133 822 NA
12.426080847 53.635172133 823 NA
12.581080847 53.635172133 824 NA
12.736080847 53.635172133 825 NA
12.922080847 53.635172133 826 NA
13.077080847 53.635172133 827 NA
13.263080847 53.635172133 828 NA
13.418080847 53.635172133 829 NA
13.573080847 53.635172133 830 NA
13.759080847 53.635172133 831 NA
13.914080847 53.635172133 832 NA
14.069080847 53.635172133 833 NA
14.255080847 53.635172133 834 NA
6.753080847 53.542172133 845 NA
7.094080847 53.542172133 847 17
7.249080847 53.542172133 848 14
7.404080847 53.542172133 849 NA
7.590080847 53.542172133 850 12
7.745080847 53.542172133 851 12
7.931080847 53.542172133 852 16
8.086080847 53.542172133 853 15
8.241080847 53.542172133 854 17
8.427080847 53.542172133 855 17
8.582080847 53.542172133 856 14
8.737080847 53.542172133 857 NA
8.923080847 53.542172133 858 6
9.078080847 53.542172133 859 12
9.264080847 53.542172133 860 9
9.419080847 53.542172133 861 13
9.574080847 53.542172133 862 12
9.760080847 53.542172133 863 17
9.915080847 53.542172133 864 18
10.070080847 53.542172133 865 NA
10.256080847 53.542172133 866 13
10.411080847 53.542172133 867 6
10.597080847 53.542172133 868 8
10.752080847 53.542172133 869 1
10.907080847 53.542172133 870 3
11.093080847 53.542172133 871 8
11.248080847 53.542172133 872 4
11.403080847 53.542172133 873 NA
11.589080847 53.542172133 874 5
11.744080847 53.542172133 875 4
11.930080847 53.542172133 876 2
12.085080847 53.542172133 877 4
12.240080847 53.542172133 878 6
12.426080847 53.542172133 879 1
12.581080847 53.542172133 880 5
12.736080847 53.542172133 881 NA
12.922080847 53.542172133 882 3
13.077080847 53.542172133 883 2
13.263080847 53.542172133 884 15
13.418080847 53.542172133 885 3
13.573080847 53.542172133 886 1
13.759080847 53.542172133 887 5
13.914080847 53.542172133 888 0
14.069080847 53.542172133 889 NA
14.255080847 53.542172133 890 0
7.094080847 53.449172133 903 16
7.249080847 53.449172133 904 17
7.404080847 53.449172133 905 NA
7.590080847 53.449172133 906 12
7.745080847 53.449172133 907 12
7.931080847 53.449172133 908 11
8.086080847 53.449172133 909 18
8.241080847 53.449172133 910 NA
8.427080847 53.449172133 911 18
8.582080847 53.449172133 912 17
8.737080847 53.449172133 913 NA
8.923080847 53.449172133 914 8
9.078080847 53.449172133 915 11
9.264080847 53.449172133 916 8
9.419080847 53.449172133 917 8
9.574080847 53.449172133 918 9
9.760080847 53.449172133 919 14
9.915080847 53.449172133 920 15
10.070080847 53.449172133 921 NA
10.256080847 53.449172133 922 19
10.411080847 53.449172133 923 13
10.597080847 53.449172133 924 13
10.752080847 53.449172133 925 11
10.907080847 53.449172133 926 4
11.093080847 53.449172133 927 10
11.248080847 53.449172133 928 7
11.403080847 53.449172133 929 NA
11.589080847 53.449172133 930 12
11.744080847 53.449172133 931 3
11.930080847 53.449172133 932 6
12.085080847 53.449172133 933 4
12.240080847 53.449172133 934 2
12.426080847 53.449172133 935 4
12.581080847 53.449172133 936 1
12.736080847 53.449172133 937 NA
12.922080847 53.449172133 938 0
13.077080847 53.449172133 939 0
13.263080847 53.449172133 940 1
13.418080847 53.449172133 941 6
13.573080847 53.449172133 942 5
13.759080847 53.449172133 943 0
13.914080847 53.449172133 944 1
14.069080847 53.449172133 945 NA
14.255080847 53.449172133 946 7
14.410080847 53.449172133 947 8
7.094080847 53.356172133 959 17
7.249080847 53.356172133 960 18
7.404080847 53.356172133 961 NA
7.590080847 53.356172133 962 12
7.745080847 53.356172133 963 11
7.931080847 53.356172133 964 11
8.086080847 53.356172133 965 13
8.241080847 53.356172133 966 18
8.427080847 53.356172133 967 17
8.582080847 53.356172133 968 11
8.737080847 53.356172133 969 NA
8.923080847 53.356172133 970 9
9.078080847 53.356172133 971 8
9.264080847 53.356172133 972 3
9.419080847 53.356172133 973 8
9.574080847 53.356172133 974 6
9.760080847 53.356172133 975 4
9.915080847 53.356172133 976 11
10.070080847 53.356172133 977 NA
10.256080847 53.356172133 978 16
10.411080847 53.356172133 979 15
10.597080847 53.356172133 980 15
10.752080847 53.356172133 981 15
10.907080847 53.356172133 982 9
11.093080847 53.356172133 983 5
11.248080847 53.356172133 984 5
11.403080847 53.356172133 985 NA
11.589080847 53.356172133 986 9
11.744080847 53.356172133 987 2
11.930080847 53.356172133 988 0
12.085080847 53.356172133 989 1
12.240080847 53.356172133 990 0
12.426080847 53.356172133 991 2
12.581080847 53.356172133 992 6
12.736080847 53.356172133 993 NA
12.922080847 53.356172133 994 2
13.077080847 53.356172133 995 2
13.263080847 53.356172133 996 2
13.418080847 53.356172133 997 1
13.573080847 53.356172133 998 0
13.759080847 53.356172133 999 0
13.914080847 53.356172133 1000 3
14.069080847 53.356172133 1001 NA
14.255080847 53.356172133 1002 2
14.410080847 53.356172133 1003 2
7.249080847 53.263172133 1016 NA
7.404080847 53.263172133 1017 NA
7.590080847 53.263172133 1018 NA
7.745080847 53.263172133 1019 NA
7.931080847 53.263172133 1020 NA
8.086080847 53.263172133 1021 NA
8.241080847 53.263172133 1022 NA
8.427080847 53.263172133 1023 NA
8.582080847 53.263172133 1024 NA
8.737080847 53.263172133 1025 NA
8.923080847 53.263172133 1026 NA
9.078080847 53.263172133 1027 NA
9.264080847 53.263172133 1028 NA
9.419080847 53.263172133 1029 NA
9.574080847 53.263172133 1030 NA
9.760080847 53.263172133 1031 NA
9.915080847 53.263172133 1032 NA
10.070080847 53.263172133 1033 NA
10.256080847 53.263172133 1034 NA
10.411080847 53.263172133 1035 NA
10.597080847 53.263172133 1036 NA
10.752080847 53.263172133 1037 NA
10.907080847 53.263172133 1038 NA
11.093080847 53.263172133 1039 NA
11.248080847 53.263172133 1040 NA
11.403080847 53.263172133 1041 NA
11.589080847 53.263172133 1042 NA
11.744080847 53.263172133 1043 NA
11.930080847 53.263172133 1044 NA
12.085080847 53.263172133 1045 NA
12.240080847 53.263172133 1046 NA
12.426080847 53.263172133 1047 NA
12.581080847 53.263172133 1048 NA
12.736080847 53.263172133 1049 NA
12.922080847 53.263172133 1050 NA
13.077080847 53.263172133 1051 NA
13.263080847 53.263172133 1052 NA
13.418080847 53.263172133 1053 NA
13.573080847 53.263172133 1054 NA
13.759080847 53.263172133 1055 NA
13.914080847 53.263172133 1056 NA
14.069080847 53.263172133 1057 NA
14.255080847 53.263172133 1058 NA
14.410080847 53.263172133 1059 NA
7.249080847 53.139172133 1072 NA
7.404080847 53.139172133 1073 NA
7.590080847 53.139172133 1074 NA
7.745080847 53.139172133 1075 NA
7.931080847 53.139172133 1076 NA
8.086080847 53.139172133 1077 NA
8.241080847 53.139172133 1078 NA
8.427080847 53.139172133 1079 NA
8.582080847 53.139172133 1080 NA
8.737080847 53.139172133 1081 NA
8.923080847 53.139172133 1082 NA
9.078080847 53.139172133 1083 NA
9.264080847 53.139172133 1084 NA
9.419080847 53.139172133 1085 NA
9.574080847 53.139172133 1086 NA
9.760080847 53.139172133 1087 NA
9.915080847 53.139172133 1088 NA
10.070080847 53.139172133 1089 NA
10.256080847 53.139172133 1090 NA
10.411080847 53.139172133 1091 NA
10.597080847 53.139172133 1092 NA
10.752080847 53.139172133 1093 NA
10.907080847 53.139172133 1094 NA
11.093080847 53.139172133 1095 NA
11.248080847 53.139172133 1096 NA
11.403080847 53.139172133 1097 NA
11.589080847 53.139172133 1098 NA
11.744080847 53.139172133 1099 NA
11.930080847 53.139172133 1100 NA
12.085080847 53.139172133 1101 NA
12.240080847 53.139172133 1102 NA
12.426080847 53.139172133 1103 NA
12.581080847 53.139172133 1104 NA
12.736080847 53.139172133 1105 NA
12.922080847 53.139172133 1106 NA
13.077080847 53.139172133 1107 NA
13.263080847 53.139172133 1108 NA
13.418080847 53.139172133 1109 NA
13.573080847 53.139172133 1110 NA
13.759080847 53.139172133 1111 NA
13.914080847 53.139172133 1112 NA
14.069080847 53.139172133 1113 NA
14.255080847 53.139172133 1114 NA
14.410080847 53.139172133 1115 NA
7.249080847 53.046172133 1128 10
7.404080847 53.046172133 1129 NA
7.590080847 53.046172133 1130 12
7.745080847 53.046172133 1131 8
7.931080847 53.046172133 1132 5
8.086080847 53.046172133 1133 10
8.241080847 53.046172133 1134 9
8.427080847 53.046172133 1135 7
8.582080847 53.046172133 1136 13
8.737080847 53.046172133 1137 NA
8.923080847 53.046172133 1138 16
9.078080847 53.046172133 1139 14
9.264080847 53.046172133 1140 5
9.419080847 53.046172133 1141 1
9.574080847 53.046172133 1142 11
9.760080847 53.046172133 1143 2
9.915080847 53.046172133 1144 5
10.070080847 53.046172133 1145 NA
10.256080847 53.046172133 1146 7
10.411080847 53.046172133 1147 9
10.597080847 53.046172133 1148 8
10.752080847 53.046172133 1149 0
10.907080847 53.046172133 1150 1
11.093080847 53.046172133 1151 5
11.248080847 53.046172133 1152 2
11.403080847 53.046172133 1153 NA
11.589080847 53.046172133 1154 13
11.744080847 53.046172133 1155 9
11.930080847 53.046172133 1156 3
12.085080847 53.046172133 1157 2
12.240080847 53.046172133 1158 1
12.426080847 53.046172133 1159 1
12.581080847 53.046172133 1160 0
12.736080847 53.046172133 1161 NA
12.922080847 53.046172133 1162 2
13.077080847 53.046172133 1163 0
13.263080847 53.046172133 1164 2
13.418080847 53.046172133 1165 0
13.573080847 53.046172133 1166 2
13.759080847 53.046172133 1167 0
13.914080847 53.046172133 1168 2
14.069080847 53.046172133 1169 NA
14.255080847 53.046172133 1170 15
14.410080847 53.046172133 1171 0
7.249080847 52.953172133 1184 6
7.404080847 52.953172133 1185 NA
7.590080847 52.953172133 1186 3
7.745080847 52.953172133 1187 3
7.931080847 52.953172133 1188 5
8.086080847 52.953172133 1189 3
8.241080847 52.953172133 1190 7
8.427080847 52.953172133 1191 7
8.582080847 52.953172133 1192 10
8.737080847 52.953172133 1193 NA
8.923080847 52.953172133 1194 12
9.078080847 52.953172133 1195 14
9.264080847 52.953172133 1196 12
9.419080847 52.953172133 1197 4
9.574080847 52.953172133 1198 2
9.760080847 52.953172133 1199 5
9.915080847 52.953172133 1200 3
10.070080847 52.953172133 1201 NA
10.256080847 52.953172133 1202 1
10.411080847 52.953172133 1203 5
10.597080847 52.953172133 1204 10
10.752080847 52.953172133 1205 0
10.907080847 52.953172133 1206 4
11.093080847 52.953172133 1207 10
11.248080847 52.953172133 1208 3
11.403080847 52.953172133 1209 NA
11.589080847 52.953172133 1210 1
11.744080847 52.953172133 1211 7
11.930080847 52.953172133 1212 6
12.085080847 52.953172133 1213 NA
12.240080847 52.953172133 1214 8
12.426080847 52.953172133 1215 3
12.581080847 52.953172133 1216 1
12.736080847 52.953172133 1217 NA
12.922080847 52.953172133 1218 2
13.077080847 52.953172133 1219 1
13.263080847 52.953172133 1220 1
13.418080847 52.953172133 1221 4
13.573080847 52.953172133 1222 2
13.759080847 52.953172133 1223 2
13.914080847 52.953172133 1224 0
14.069080847 52.953172133 1225 NA
14.255080847 52.953172133 1226 2
7.094080847 52.860172133 1239 9
7.249080847 52.860172133 1240 2
7.404080847 52.860172133 1241 NA
7.590080847 52.860172133 1242 8
7.745080847 52.860172133 1243 6
7.931080847 52.860172133 1244 4
8.086080847 52.860172133 1245 8
8.241080847 52.860172133 1246 3
8.427080847 52.860172133 1247 13
8.582080847 52.860172133 1248 4
8.737080847 52.860172133 1249 NA
8.923080847 52.860172133 1250 13
9.078080847 52.860172133 1251 11
9.264080847 52.860172133 1252 14
9.419080847 52.860172133 1253 10
9.574080847 52.860172133 1254 7
9.760080847 52.860172133 1255 5
9.915080847 52.860172133 1256 14
10.070080847 52.860172133 1257 NA
10.256080847 52.860172133 1258 2
10.411080847 52.860172133 1259 3
10.597080847 52.860172133 1260 1
10.752080847 52.860172133 1261 2
10.907080847 52.860172133 1262 11
11.093080847 52.860172133 1263 11
11.248080847 52.860172133 1264 6
11.403080847 52.860172133 1265 NA
11.589080847 52.860172133 1266 3
11.744080847 52.860172133 1267 8
11.930080847 52.860172133 1268 10
12.085080847 52.860172133 1269 2
12.240080847 52.860172133 1270 4
12.426080847 52.860172133 1271 4
12.581080847 52.860172133 1272 6
12.736080847 52.860172133 1273 NA
12.922080847 52.860172133 1274 5
13.077080847 52.860172133 1275 2
13.263080847 52.860172133 1276 8
13.418080847 52.860172133 1277 1
13.573080847 52.860172133 1278 1
13.759080847 52.860172133 1279 5
13.914080847 52.860172133 1280 2
14.069080847 52.860172133 1281 NA
14.255080847 52.860172133 1282 0
7.094080847 52.736172133 1295 5
7.249080847 52.736172133 1296 10
7.404080847 52.736172133 1297 NA
7.590080847 52.736172133 1298 3
7.745080847 52.736172133 1299 8
7.931080847 52.736172133 1300 6
8.086080847 52.736172133 1301 3
8.241080847 52.736172133 1302 9
8.427080847 52.736172133 1303 10
8.582080847 52.736172133 1304 9
8.737080847 52.736172133 1305 NA
8.923080847 52.736172133 1306 13
9.078080847 52.736172133 1307 10
9.264080847 52.736172133 1308 4
9.419080847 52.736172133 1309 2
9.574080847 52.736172133 1310 14
9.760080847 52.736172133 1311 10
9.915080847 52.736172133 1312 2
10.070080847 52.736172133 1313 NA
10.256080847 52.736172133 1314 9
10.411080847 52.736172133 1315 1
10.597080847 52.736172133 1316 9
10.752080847 52.736172133 1317 10
10.907080847 52.736172133 1318 NA
11.093080847 52.736172133 1319 11
11.248080847 52.736172133 1320 2
11.403080847 52.736172133 1321 NA
11.589080847 52.736172133 1322 3
11.744080847 52.736172133 1323 NA
11.930080847 52.736172133 1324 4
12.085080847 52.736172133 1325 0
12.240080847 52.736172133 1326 4
12.426080847 52.736172133 1327 7
12.581080847 52.736172133 1328 7
12.736080847 52.736172133 1329 NA
12.922080847 52.736172133 1330 7
13.077080847 52.736172133 1331 4
13.263080847 52.736172133 1332 7
13.418080847 52.736172133 1333 5
13.573080847 52.736172133 1334 4
13.759080847 52.736172133 1335 0
13.914080847 52.736172133 1336 0
14.069080847 52.736172133 1337 NA
14.255080847 52.736172133 1338 7
14.410080847 52.736172133 1339 1
6.753080847 52.643172133 1349 NA
6.908080847 52.643172133 1350 NA
7.094080847 52.643172133 1351 NA
7.249080847 52.643172133 1352 NA
7.404080847 52.643172133 1353 NA
7.590080847 52.643172133 1354 NA
7.745080847 52.643172133 1355 NA
7.931080847 52.643172133 1356 NA
8.086080847 52.643172133 1357 NA
8.241080847 52.643172133 1358 NA
8.427080847 52.643172133 1359 NA
8.582080847 52.643172133 1360 NA
8.737080847 52.643172133 1361 NA
8.923080847 52.643172133 1362 NA
9.078080847 52.643172133 1363 NA
9.264080847 52.643172133 1364 NA
9.419080847 52.643172133 1365 NA
9.574080847 52.643172133 1366 NA
9.760080847 52.643172133 1367 NA
9.915080847 52.643172133 1368 NA
10.070080847 52.643172133 1369 NA
10.256080847 52.643172133 1370 NA
10.411080847 52.643172133 1371 NA
10.597080847 52.643172133 1372 NA
10.752080847 52.643172133 1373 NA
10.907080847 52.643172133 1374 NA
11.093080847 52.643172133 1375 NA
11.248080847 52.643172133 1376 NA
11.403080847 52.643172133 1377 NA
11.589080847 52.643172133 1378 NA
11.744080847 52.643172133 1379 NA
11.930080847 52.643172133 1380 NA
12.085080847 52.643172133 1381 NA
12.240080847 52.643172133 1382 NA
12.426080847 52.643172133 1383 NA
12.581080847 52.643172133 1384 NA
12.736080847 52.643172133 1385 NA
12.922080847 52.643172133 1386 NA
13.077080847 52.643172133 1387 NA
13.263080847 52.643172133 1388 NA
13.418080847 52.643172133 1389 NA
13.573080847 52.643172133 1390 NA
13.759080847 52.643172133 1391 NA
13.914080847 52.643172133 1392 NA
14.069080847 52.643172133 1393 NA
14.255080847 52.643172133 1394 NA
14.410080847 52.643172133 1395 NA
14.596080847 52.643172133 1396 NA
6.753080847 52.550172133 1405 NA
6.908080847 52.550172133 1406 NA
7.094080847 52.550172133 1407 NA
7.249080847 52.550172133 1408 NA
7.404080847 52.550172133 1409 NA
7.590080847 52.550172133 1410 NA
7.745080847 52.550172133 1411 NA
7.931080847 52.550172133 1412 NA
8.086080847 52.550172133 1413 NA
8.241080847 52.550172133 1414 NA
8.427080847 52.550172133 1415 NA
8.582080847 52.550172133 1416 NA
8.737080847 52.550172133 1417 NA
8.923080847 52.550172133 1418 NA
9.078080847 52.550172133 1419 NA
9.264080847 52.550172133 1420 NA
9.419080847 52.550172133 1421 NA
9.574080847 52.550172133 1422 NA
9.760080847 52.550172133 1423 NA
9.915080847 52.550172133 1424 NA
10.070080847 52.550172133 1425 NA
10.256080847 52.550172133 1426 NA
10.411080847 52.550172133 1427 NA
10.597080847 52.550172133 1428 NA
10.752080847 52.550172133 1429 NA
10.907080847 52.550172133 1430 NA
11.093080847 52.550172133 1431 NA
11.248080847 52.550172133 1432 NA
11.403080847 52.550172133 1433 NA
11.589080847 52.550172133 1434 NA
11.744080847 52.550172133 1435 NA
11.930080847 52.550172133 1436 NA
12.085080847 52.550172133 1437 NA
12.240080847 52.550172133 1438 NA
12.426080847 52.550172133 1439 NA
12.581080847 52.550172133 1440 NA
12.736080847 52.550172133 1441 NA
12.922080847 52.550172133 1442 NA
13.077080847 52.550172133 1443 NA
13.263080847 52.550172133 1444 NA
13.418080847 52.550172133 1445 NA
13.573080847 52.550172133 1446 NA
13.759080847 52.550172133 1447 NA
13.914080847 52.550172133 1448 NA
14.069080847 52.550172133 1449 NA
14.255080847 52.550172133 1450 NA
14.410080847 52.550172133 1451 NA
14.596080847 52.550172133 1452 NA
6.753080847 52.457172133 1461 3
6.908080847 52.457172133 1462 6
7.094080847 52.457172133 1463 9
7.249080847 52.457172133 1464 4
7.404080847 52.457172133 1465 NA
7.590080847 52.457172133 1466 3
7.745080847 52.457172133 1467 3
7.931080847 52.457172133 1468 11
8.086080847 52.457172133 1469 4
8.241080847 52.457172133 1470 6
8.427080847 52.457172133 1471 17
8.582080847 52.457172133 1472 8
8.737080847 52.457172133 1473 NA
8.923080847 52.457172133 1474 9
9.078080847 52.457172133 1475 10
9.264080847 52.457172133 1476 15
9.419080847 52.457172133 1477 16
9.574080847 52.457172133 1478 15
9.760080847 52.457172133 1479 15
9.915080847 52.457172133 1480 18
10.070080847 52.457172133 1481 NA
10.256080847 52.457172133 1482 8
10.411080847 52.457172133 1483 6
10.597080847 52.457172133 1484 8
10.752080847 52.457172133 1485 14
10.907080847 52.457172133 1486 11
11.093080847 52.457172133 1487 10
11.248080847 52.457172133 1488 6
11.403080847 52.457172133 1489 NA
11.589080847 52.457172133 1490 4
11.744080847 52.457172133 1491 1
11.930080847 52.457172133 1492 2
12.085080847 52.457172133 1493 1
12.240080847 52.457172133 1494 NA
12.426080847 52.457172133 1495 5
12.581080847 52.457172133 1496 4
12.736080847 52.457172133 1497 NA
12.922080847 52.457172133 1498 8
13.077080847 52.457172133 1499 5
13.263080847 52.457172133 1500 13
13.418080847 52.457172133 1501 14
13.573080847 52.457172133 1502 15
13.759080847 52.457172133 1503 10
13.914080847 52.457172133 1504 2
14.069080847 52.457172133 1505 NA
14.255080847 52.457172133 1506 0
14.410080847 52.457172133 1507 0
14.596080847 52.457172133 1508 10
7.094080847 52.333172133 1519 4
7.249080847 52.333172133 1520 8
7.404080847 52.333172133 1521 NA
7.590080847 52.333172133 1522 5
7.745080847 52.333172133 1523 12
7.931080847 52.333172133 1524 12
8.086080847 52.333172133 1525 17
8.241080847 52.333172133 1526 15
8.427080847 52.333172133 1527 13
8.582080847 52.333172133 1528 15
8.737080847 52.333172133 1529 NA
8.923080847 52.333172133 1530 16
9.078080847 52.333172133 1531 15
9.264080847 52.333172133 1532 10
9.419080847 52.333172133 1533 10
9.574080847 52.333172133 1534 11
9.760080847 52.333172133 1535 17
9.915080847 52.333172133 1536 12
10.070080847 52.333172133 1537 NA
10.256080847 52.333172133 1538 13
10.411080847 52.333172133 1539 12
10.597080847 52.333172133 1540 16
10.752080847 52.333172133 1541 10
10.907080847 52.333172133 1542 10
11.093080847 52.333172133 1543 7
11.248080847 52.333172133 1544 6
11.403080847 52.333172133 1545 NA
11.589080847 52.333172133 1546 4
11.744080847 52.333172133 1547 NA
11.930080847 52.333172133 1548 8
12.085080847 52.333172133 1549 6
12.240080847 52.333172133 1550 10
12.426080847 52.333172133 1551 5
12.581080847 52.333172133 1552 3
12.736080847 52.333172133 1553 NA
12.922080847 52.333172133 1554 5
13.077080847 52.333172133 1555 6
13.263080847 52.333172133 1556 8
13.418080847 52.333172133 1557 6
13.573080847 52.333172133 1558 7
13.759080847 52.333172133 1559 5
13.914080847 52.333172133 1560 3
14.069080847 52.333172133 1561 NA
14.255080847 52.333172133 1562 3
14.410080847 52.333172133 1563 4
14.596080847 52.333172133 1564 11
7.094080847 52.240172133 1575 9
7.249080847 52.240172133 1576 5
7.404080847 52.240172133 1577 NA
7.590080847 52.240172133 1578 6
7.745080847 52.240172133 1579 16
7.931080847 52.240172133 1580 13
8.086080847 52.240172133 1581 18
8.241080847 52.240172133 1582 14
8.427080847 52.240172133 1583 12
8.582080847 52.240172133 1584 15
8.737080847 52.240172133 1585 NA
8.923080847 52.240172133 1586 18
9.078080847 52.240172133 1587 17
9.264080847 52.240172133 1588 7
9.419080847 52.240172133 1589 9
9.574080847 52.240172133 1590 14
9.760080847 52.240172133 1591 10
9.915080847 52.240172133 1592 9
10.070080847 52.240172133 1593 NA
10.256080847 52.240172133 1594 10
10.411080847 52.240172133 1595 12
10.597080847 52.240172133 1596 15
10.752080847 52.240172133 1597 9
10.907080847 52.240172133 1598 9
11.093080847 52.240172133 1599 11
11.248080847 52.240172133 1600 8
11.403080847 52.240172133 1601 NA
11.589080847 52.240172133 1602 8
11.744080847 52.240172133 1603 6
11.930080847 52.240172133 1604 4
12.085080847 52.240172133 1605 2
12.240080847 52.240172133 1606 1
12.426080847 52.240172133 1607 2
12.581080847 52.240172133 1608 2
12.736080847 52.240172133 1609 NA
12.922080847 52.240172133 1610 3
13.077080847 52.240172133 1611 9
13.263080847 52.240172133 1612 4
13.418080847 52.240172133 1613 4
13.573080847 52.240172133 1614 3
13.759080847 52.240172133 1615 3
13.914080847 52.240172133 1616 5
14.069080847 52.240172133 1617 NA
14.255080847 52.240172133 1618 2
14.410080847 52.240172133 1619 3
14.596080847 52.240172133 1620 10
14.751080847 52.240172133 1621 0
6.753080847 52.147172133 1629 8
6.908080847 52.147172133 1630 10
7.094080847 52.147172133 1631 6
7.249080847 52.147172133 1632 4
7.404080847 52.147172133 1633 NA
7.590080847 52.147172133 1634 10
7.745080847 52.147172133 1635 4
7.931080847 52.147172133 1636 15
8.086080847 52.147172133 1637 16
8.241080847 52.147172133 1638 12
8.427080847 52.147172133 1639 11
8.582080847 52.147172133 1640 15
8.737080847 52.147172133 1641 NA
8.923080847 52.147172133 1642 11
9.078080847 52.147172133 1643 13
9.264080847 52.147172133 1644 12
9.419080847 52.147172133 1645 12
9.574080847 52.147172133 1646 13
9.760080847 52.147172133 1647 11
9.915080847 52.147172133 1648 16
10.070080847 52.147172133 1649 NA
10.256080847 52.147172133 1650 9
10.411080847 52.147172133 1651 15
10.597080847 52.147172133 1652 11
10.752080847 52.147172133 1653 5
10.907080847 52.147172133 1654 7
11.093080847 52.147172133 1655 9
11.248080847 52.147172133 1656 5
11.403080847 52.147172133 1657 NA
11.589080847 52.147172133 1658 15
11.744080847 52.147172133 1659 8
11.930080847 52.147172133 1660 1
12.085080847 52.147172133 1661 1
12.240080847 52.147172133 1662 5
12.426080847 52.147172133 1663 1
12.581080847 52.147172133 1664 3
12.736080847 52.147172133 1665 NA
12.922080847 52.147172133 1666 3
13.077080847 52.147172133 1667 3
13.263080847 52.147172133 1668 2
13.418080847 52.147172133 1669 5
13.573080847 52.147172133 1670 4
13.759080847 52.147172133 1671 2
13.914080847 52.147172133 1672 2
14.069080847 52.147172133 1673 NA
14.255080847 52.147172133 1674 3
14.410080847 52.147172133 1675 2
14.596080847 52.147172133 1676 5
14.751080847 52.147172133 1677 2
6.753080847 52.054172133 1685 NA
6.908080847 52.054172133 1686 NA
7.094080847 52.054172133 1687 NA
7.249080847 52.054172133 1688 NA
7.404080847 52.054172133 1689 NA
7.590080847 52.054172133 1690 NA
7.745080847 52.054172133 1691 NA
7.931080847 52.054172133 1692 NA
8.086080847 52.054172133 1693 NA
8.241080847 52.054172133 1694 NA
8.427080847 52.054172133 1695 NA
8.582080847 52.054172133 1696 NA
8.737080847 52.054172133 1697 NA
8.923080847 52.054172133 1698 NA
9.078080847 52.054172133 1699 NA
9.264080847 52.054172133 1700 NA
9.419080847 52.054172133 1701 NA
9.574080847 52.054172133 1702 NA
9.760080847 52.054172133 1703 NA
9.915080847 52.054172133 1704 NA
10.070080847 52.054172133 1705 NA
10.256080847 52.054172133 1706 NA
10.411080847 52.054172133 1707 NA
10.597080847 52.054172133 1708 NA
10.752080847 52.054172133 1709 NA
10.907080847 52.054172133 1710 NA
11.093080847 52.054172133 1711 NA
11.248080847 52.054172133 1712 NA
11.403080847 52.054172133 1713 NA
11.589080847 52.054172133 1714 NA
11.744080847 52.054172133 1715 NA
11.930080847 52.054172133 1716 NA
12.085080847 52.054172133 1717 NA
12.240080847 52.054172133 1718 NA
12.426080847 52.054172133 1719 NA
12.581080847 52.054172133 1720 NA
12.736080847 52.054172133 1721 NA
12.922080847 52.054172133 1722 NA
13.077080847 52.054172133 1723 NA
13.263080847 52.054172133 1724 NA
13.418080847 52.054172133 1725 NA
13.573080847 52.054172133 1726 NA
13.759080847 52.054172133 1727 NA
13.914080847 52.054172133 1728 NA
14.069080847 52.054172133 1729 NA
14.255080847 52.054172133 1730 NA
14.410080847 52.054172133 1731 NA
14.596080847 52.054172133 1732 NA
14.751080847 52.054172133 1733 NA
6.753080847 51.961172133 1741 12
6.908080847 51.961172133 1742 8
7.094080847 51.961172133 1743 10
7.249080847 51.961172133 1744 11
7.404080847 51.961172133 1745 NA
7.590080847 51.961172133 1746 16
7.745080847 51.961172133 1747 11
7.931080847 51.961172133 1748 10
8.086080847 51.961172133 1749 10
8.241080847 51.961172133 1750 11
8.427080847 51.961172133 1751 14
8.582080847 51.961172133 1752 18
8.737080847 51.961172133 1753 NA
8.923080847 51.961172133 1754 9
9.078080847 51.961172133 1755 10
9.264080847 51.961172133 1756 12
9.419080847 51.961172133 1757 9
9.574080847 51.961172133 1758 11
9.760080847 51.961172133 1759 12
9.915080847 51.961172133 1760 9
10.070080847 51.961172133 1761 NA
10.256080847 51.961172133 1762 10
10.411080847 51.961172133 1763 11
10.597080847 51.961172133 1764 9
10.752080847 51.961172133 1765 7
10.907080847 51.961172133 1766 7
11.093080847 51.961172133 1767 5
11.248080847 51.961172133 1768 4
11.403080847 51.961172133 1769 NA
11.589080847 51.961172133 1770 4
11.744080847 51.961172133 1771 4
11.930080847 51.961172133 1772 10
12.085080847 51.961172133 1773 NA
12.240080847 51.961172133 1774 4
12.426080847 51.961172133 1775 6
12.581080847 51.961172133 1776 6
12.736080847 51.961172133 1777 NA
12.922080847 51.961172133 1778 NA
13.077080847 51.961172133 1779 NA
13.263080847 51.961172133 1780 0
13.418080847 51.961172133 1781 1
13.573080847 51.961172133 1782 2
13.759080847 51.961172133 1783 6
13.914080847 51.961172133 1784 5
14.069080847 51.961172133 1785 NA
14.255080847 51.961172133 1786 2
14.410080847 51.961172133 1787 2
14.596080847 51.961172133 1788 0
14.751080847 51.961172133 1789 7
6.071080847 51.837172133 1793 NA
6.257080847 51.837172133 1794 16
6.412080847 51.837172133 1795 16
6.598080847 51.837172133 1796 16
6.753080847 51.837172133 1797 9
6.908080847 51.837172133 1798 5
7.094080847 51.837172133 1799 10
7.249080847 51.837172133 1800 12
7.404080847 51.837172133 1801 NA
7.590080847 51.837172133 1802 13
7.745080847 51.837172133 1803 12
7.931080847 51.837172133 1804 14
8.086080847 51.837172133 1805 12
8.241080847 51.837172133 1806 14
8.427080847 51.837172133 1807 15
8.582080847 51.837172133 1808 12
8.737080847 51.837172133 1809 NA
8.923080847 51.837172133 1810 13
9.078080847 51.837172133 1811 8
9.264080847 51.837172133 1812 9
9.419080847 51.837172133 1813 13
9.574080847 51.837172133 1814 9
9.760080847 51.837172133 1815 8
9.915080847 51.837172133 1816 11
10.070080847 51.837172133 1817 NA
10.256080847 51.837172133 1818 8
10.411080847 51.837172133 1819 8
10.597080847 51.837172133 1820 11
10.752080847 51.837172133 1821 12
10.907080847 51.837172133 1822 11
11.093080847 51.837172133 1823 7
11.248080847 51.837172133 1824 4
11.403080847 51.837172133 1825 NA
11.589080847 51.837172133 1826 9
11.744080847 51.837172133 1827 10
11.930080847 51.837172133 1828 7
12.085080847 51.837172133 1829 9
12.240080847 51.837172133 1830 11
12.426080847 51.837172133 1831 9
12.581080847 51.837172133 1832 9
12.736080847 51.837172133 1833 NA
12.922080847 51.837172133 1834 4
13.077080847 51.837172133 1835 6
13.263080847 51.837172133 1836 3
13.418080847 51.837172133 1837 1
13.573080847 51.837172133 1838 1
13.759080847 51.837172133 1839 NA
13.914080847 51.837172133 1840 4
14.069080847 51.837172133 1841 NA
14.255080847 51.837172133 1842 1
14.410080847 51.837172133 1843 5
14.596080847 51.837172133 1844 10
6.071080847 51.744172133 1849 NA
6.257080847 51.744172133 1850 15
6.412080847 51.744172133 1851 16
6.598080847 51.744172133 1852 15
6.753080847 51.744172133 1853 12
6.908080847 51.744172133 1854 12
7.094080847 51.744172133 1855 10
7.249080847 51.744172133 1856 13
7.404080847 51.744172133 1857 NA
7.590080847 51.744172133 1858 12
7.745080847 51.744172133 1859 11
7.931080847 51.744172133 1860 13
8.086080847 51.744172133 1861 11
8.241080847 51.744172133 1862 11
8.427080847 51.744172133 1863 12
8.582080847 51.744172133 1864 14
8.737080847 51.744172133 1865 NA
8.923080847 51.744172133 1866 9
9.078080847 51.744172133 1867 9
9.264080847 51.744172133 1868 9
9.419080847 51.744172133 1869 12
9.574080847 51.744172133 1870 8
9.760080847 51.744172133 1871 12
9.915080847 51.744172133 1872 10
10.070080847 51.744172133 1873 NA
10.256080847 51.744172133 1874 12
10.411080847 51.744172133 1875 8
10.597080847 51.744172133 1876 8
10.752080847 51.744172133 1877 10
10.907080847 51.744172133 1878 11
11.093080847 51.744172133 1879 10
11.248080847 51.744172133 1880 5
11.403080847 51.744172133 1881 NA
11.589080847 51.744172133 1882 3
11.744080847 51.744172133 1883 8
11.930080847 51.744172133 1884 6
12.085080847 51.744172133 1885 4
12.240080847 51.744172133 1886 7
12.426080847 51.744172133 1887 10
12.581080847 51.744172133 1888 3
12.736080847 51.744172133 1889 NA
12.922080847 51.744172133 1890 4
13.077080847 51.744172133 1891 3
13.263080847 51.744172133 1892 4
13.418080847 51.744172133 1893 2
13.573080847 51.744172133 1894 2
13.759080847 51.744172133 1895 3
13.914080847 51.744172133 1896 2
14.069080847 51.744172133 1897 NA
14.255080847 51.744172133 1898 4
14.410080847 51.744172133 1899 4
14.596080847 51.744172133 1900 5
6.071080847 51.651172133 1905 NA
6.257080847 51.651172133 1906 14
6.412080847 51.651172133 1907 16
6.598080847 51.651172133 1908 16
6.753080847 51.651172133 1909 15
6.908080847 51.651172133 1910 16
7.094080847 51.651172133 1911 17
7.249080847 51.651172133 1912 17
7.404080847 51.651172133 1913 NA
7.590080847 51.651172133 1914 17
7.745080847 51.651172133 1915 17
7.931080847 51.651172133 1916 17
8.086080847 51.651172133 1917 13
8.241080847 51.651172133 1918 14
8.427080847 51.651172133 1919 11
8.582080847 51.651172133 1920 13
8.737080847 51.651172133 1921 NA
8.923080847 51.651172133 1922 7
9.078080847 51.651172133 1923 8
9.264080847 51.651172133 1924 6
9.419080847 51.651172133 1925 12
9.574080847 51.651172133 1926 12
9.760080847 51.651172133 1927 12
9.915080847 51.651172133 1928 11
10.070080847 51.651172133 1929 NA
10.256080847 51.651172133 1930 10
10.411080847 51.651172133 1931 8
10.597080847 51.651172133 1932 8
10.752080847 51.651172133 1933 7
10.907080847 51.651172133 1934 8
11.093080847 51.651172133 1935 9
11.248080847 51.651172133 1936 8
11.403080847 51.651172133 1937 NA
11.589080847 51.651172133 1938 5
11.744080847 51.651172133 1939 7
11.930080847 51.651172133 1940 4
12.085080847 51.651172133 1941 9
12.240080847 51.651172133 1942 14
12.426080847 51.651172133 1943 5
12.581080847 51.651172133 1944 5
12.736080847 51.651172133 1945 NA
12.922080847 51.651172133 1946 8
13.077080847 51.651172133 1947 3
13.263080847 51.651172133 1948 1
13.418080847 51.651172133 1949 1
13.573080847 51.651172133 1950 NA
13.759080847 51.651172133 1951 3
13.914080847 51.651172133 1952 1
14.069080847 51.651172133 1953 NA
14.255080847 51.651172133 1954 2
14.410080847 51.651172133 1955 2
14.596080847 51.651172133 1956 0
14.751080847 51.651172133 1957 4
6.257080847 51.558172133 1962 NA
6.412080847 51.558172133 1963 NA
6.598080847 51.558172133 1964 NA
6.753080847 51.558172133 1965 NA
6.908080847 51.558172133 1966 NA
7.094080847 51.558172133 1967 NA
7.249080847 51.558172133 1968 NA
7.404080847 51.558172133 1969 NA
7.590080847 51.558172133 1970 NA
7.745080847 51.558172133 1971 NA
7.931080847 51.558172133 1972 NA
8.086080847 51.558172133 1973 NA
8.241080847 51.558172133 1974 NA
8.427080847 51.558172133 1975 NA
8.582080847 51.558172133 1976 NA
8.737080847 51.558172133 1977 NA
8.923080847 51.558172133 1978 NA
9.078080847 51.558172133 1979 NA
9.264080847 51.558172133 1980 NA
9.419080847 51.558172133 1981 NA
9.574080847 51.558172133 1982 NA
9.760080847 51.558172133 1983 NA
9.915080847 51.558172133 1984 NA
10.070080847 51.558172133 1985 NA
10.256080847 51.558172133 1986 NA
10.411080847 51.558172133 1987 NA
10.597080847 51.558172133 1988 NA
10.752080847 51.558172133 1989 NA
10.907080847 51.558172133 1990 NA
11.093080847 51.558172133 1991 NA
11.248080847 51.558172133 1992 NA
11.403080847 51.558172133 1993 NA
11.589080847 51.558172133 1994 NA
11.744080847 51.558172133 1995 NA
11.930080847 51.558172133 1996 NA
12.085080847 51.558172133 1997 NA
12.240080847 51.558172133 1998 NA
12.426080847 51.558172133 1999 NA
12.581080847 51.558172133 2000 NA
12.736080847 51.558172133 2001 NA
12.922080847 51.558172133 2002 NA
13.077080847 51.558172133 2003 NA
13.263080847 51.558172133 2004 NA
13.418080847 51.558172133 2005 NA
13.573080847 51.558172133 2006 NA
13.759080847 51.558172133 2007 NA
13.914080847 51.558172133 2008 NA
14.069080847 51.558172133 2009 NA
14.255080847 51.558172133 2010 NA
14.410080847 51.558172133 2011 NA
14.596080847 51.558172133 2012 NA
14.751080847 51.558172133 2013 NA
6.257080847 51.434172133 2018 NA
6.412080847 51.434172133 2019 NA
6.598080847 51.434172133 2020 NA
6.753080847 51.434172133 2021 NA
6.908080847 51.434172133 2022 NA
7.094080847 51.434172133 2023 NA
7.249080847 51.434172133 2024 NA
7.404080847 51.434172133 2025 NA
7.590080847 51.434172133 2026 NA
7.745080847 51.434172133 2027 NA
7.931080847 51.434172133 2028 NA
8.086080847 51.434172133 2029 NA
8.241080847 51.434172133 2030 NA
8.427080847 51.434172133 2031 NA
8.582080847 51.434172133 2032 NA
8.737080847 51.434172133 2033 NA
8.923080847 51.434172133 2034 NA
9.078080847 51.434172133 2035 NA
9.264080847 51.434172133 2036 NA
9.419080847 51.434172133 2037 NA
9.574080847 51.434172133 2038 NA
9.760080847 51.434172133 2039 NA
9.915080847 51.434172133 2040 NA
10.070080847 51.434172133 2041 NA
10.256080847 51.434172133 2042 NA
10.411080847 51.434172133 2043 NA
10.597080847 51.434172133 2044 NA
10.752080847 51.434172133 2045 NA
10.907080847 51.434172133 2046 NA
11.093080847 51.434172133 2047 NA
11.248080847 51.434172133 2048 NA
11.403080847 51.434172133 2049 NA
11.589080847 51.434172133 2050 NA
11.744080847 51.434172133 2051 NA
11.930080847 51.434172133 2052 NA
12.085080847 51.434172133 2053 NA
12.240080847 51.434172133 2054 NA
12.426080847 51.434172133 2055 NA
12.581080847 51.434172133 2056 NA
12.736080847 51.434172133 2057 NA
12.922080847 51.434172133 2058 NA
13.077080847 51.434172133 2059 NA
13.263080847 51.434172133 2060 NA
13.418080847 51.434172133 2061 NA
13.573080847 51.434172133 2062 NA
13.759080847 51.434172133 2063 NA
13.914080847 51.434172133 2064 NA
14.069080847 51.434172133 2065 NA
14.255080847 51.434172133 2066 NA
14.410080847 51.434172133 2067 NA
14.596080847 51.434172133 2068 NA
14.751080847 51.434172133 2069 NA
14.906080847 51.434172133 2070 NA
6.257080847 51.341172133 2074 18
6.412080847 51.341172133 2075 16
6.598080847 51.341172133 2076 18
6.753080847 51.341172133 2077 18
6.908080847 51.341172133 2078 18
7.094080847 51.341172133 2079 17
7.249080847 51.341172133 2080 14
7.404080847 51.341172133 2081 NA
7.590080847 51.341172133 2082 16
7.745080847 51.341172133 2083 12
7.931080847 51.341172133 2084 9
8.086080847 51.341172133 2085 12
8.241080847 51.341172133 2086 12
8.427080847 51.341172133 2087 12
8.582080847 51.341172133 2088 10
8.737080847 51.341172133 2089 NA
8.923080847 51.341172133 2090 9
9.078080847 51.341172133 2091 11
9.264080847 51.341172133 2092 9
9.419080847 51.341172133 2093 15
9.574080847 51.341172133 2094 12
9.760080847 51.341172133 2095 9
9.915080847 51.341172133 2096 10
10.070080847 51.341172133 2097 NA
10.256080847 51.341172133 2098 7
10.411080847 51.341172133 2099 6
10.597080847 51.341172133 2100 7
10.752080847 51.341172133 2101 5
10.907080847 51.341172133 2102 9
11.093080847 51.341172133 2103 9
11.248080847 51.341172133 2104 7
11.403080847 51.341172133 2105 NA
11.589080847 51.341172133 2106 6
11.744080847 51.341172133 2107 3
11.930080847 51.341172133 2108 10
12.085080847 51.341172133 2109 9
12.240080847 51.341172133 2110 14
12.426080847 51.341172133 2111 17
12.581080847 51.341172133 2112 12
12.736080847 51.341172133 2113 NA
12.922080847 51.341172133 2114 9
13.077080847 51.341172133 2115 10
13.263080847 51.341172133 2116 11
13.418080847 51.341172133 2117 NA
13.573080847 51.341172133 2118 6
13.759080847 51.341172133 2119 5
13.914080847 51.341172133 2120 6
14.069080847 51.341172133 2121 NA
14.255080847 51.341172133 2122 2
14.410080847 51.341172133 2123 1
14.596080847 51.341172133 2124 2
14.751080847 51.341172133 2125 2
14.906080847 51.341172133 2126 NA
15.092080847 51.341172133 2127 3
6.071080847 51.248172133 2129 NA
6.257080847 51.248172133 2130 14
6.412080847 51.248172133 2131 17
6.598080847 51.248172133 2132 16
6.753080847 51.248172133 2133 18
6.908080847 51.248172133 2134 18
7.094080847 51.248172133 2135 18
7.249080847 51.248172133 2136 16
7.404080847 51.248172133 2137 NA
7.590080847 51.248172133 2138 13
7.745080847 51.248172133 2139 15
7.931080847 51.248172133 2140 12
8.086080847 51.248172133 2141 12
8.241080847 51.248172133 2142 12
8.427080847 51.248172133 2143 12
8.582080847 51.248172133 2144 9
8.737080847 51.248172133 2145 NA
8.923080847 51.248172133 2146 8
9.078080847 51.248172133 2147 10
9.264080847 51.248172133 2148 10
9.419080847 51.248172133 2149 13
9.574080847 51.248172133 2150 9
9.760080847 51.248172133 2151 11
9.915080847 51.248172133 2152 9
10.070080847 51.248172133 2153 NA
10.256080847 51.248172133 2154 9
10.411080847 51.248172133 2155 8
10.597080847 51.248172133 2156 6
10.752080847 51.248172133 2157 5
10.907080847 51.248172133 2158 5
11.093080847 51.248172133 2159 5
11.248080847 51.248172133 2160 8
11.403080847 51.248172133 2161 NA
11.589080847 51.248172133 2162 5
11.744080847 51.248172133 2163 6
11.930080847 51.248172133 2164 8
12.085080847 51.248172133 2165 7
12.240080847 51.248172133 2166 12
12.426080847 51.248172133 2167 14
12.581080847 51.248172133 2168 11
12.736080847 51.248172133 2169 NA
12.922080847 51.248172133 2170 8
13.077080847 51.248172133 2171 8
13.263080847 51.248172133 2172 5
13.418080847 51.248172133 2173 10
13.573080847 51.248172133 2174 6
13.759080847 51.248172133 2175 2
13.914080847 51.248172133 2176 11
14.069080847 51.248172133 2177 NA
14.255080847 51.248172133 2178 9
14.410080847 51.248172133 2179 8
14.596080847 51.248172133 2180 10
14.751080847 51.248172133 2181 8
14.906080847 51.248172133 2182 NA
15.092080847 51.248172133 2183 10
6.071080847 51.155172133 2185 NA
6.257080847 51.155172133 2186 15
6.412080847 51.155172133 2187 18
6.598080847 51.155172133 2188 14
6.753080847 51.155172133 2189 16
6.908080847 51.155172133 2190 18
7.094080847 51.155172133 2191 18
7.249080847 51.155172133 2192 14
7.404080847 51.155172133 2193 NA
7.590080847 51.155172133 2194 11
7.745080847 51.155172133 2195 11
7.931080847 51.155172133 2196 12
8.086080847 51.155172133 2197 12
8.241080847 51.155172133 2198 10
8.427080847 51.155172133 2199 9
8.582080847 51.155172133 2200 9
8.737080847 51.155172133 2201 NA
8.923080847 51.155172133 2202 12
9.078080847 51.155172133 2203 11
9.264080847 51.155172133 2204 9
9.419080847 51.155172133 2205 10
9.574080847 51.155172133 2206 11
9.760080847 51.155172133 2207 12
9.915080847 51.155172133 2208 10
10.070080847 51.155172133 2209 NA
10.256080847 51.155172133 2210 10
10.411080847 51.155172133 2211 9
10.597080847 51.155172133 2212 6
10.752080847 51.155172133 2213 4
10.907080847 51.155172133 2214 7
11.093080847 51.155172133 2215 9
11.248080847 51.155172133 2216 5
11.403080847 51.155172133 2217 NA
11.589080847 51.155172133 2218 3
11.744080847 51.155172133 2219 8
11.930080847 51.155172133 2220 5
12.085080847 51.155172133 2221 10
12.240080847 51.155172133 2222 10
12.426080847 51.155172133 2223 12
12.581080847 51.155172133 2224 10
12.736080847 51.155172133 2225 NA
12.922080847 51.155172133 2226 12
13.077080847 51.155172133 2227 6
13.263080847 51.155172133 2228 5
13.418080847 51.155172133 2229 9
13.573080847 51.155172133 2230 13
13.759080847 51.155172133 2231 12
13.914080847 51.155172133 2232 9
14.069080847 51.155172133 2233 NA
14.255080847 51.155172133 2234 7
14.410080847 51.155172133 2235 10
14.596080847 51.155172133 2236 8
14.751080847 51.155172133 2237 9
14.906080847 51.155172133 2238 NA
15.092080847 51.155172133 2239 7
5.916080847 51.062172133 2240 16
6.071080847 51.062172133 2241 NA
6.257080847 51.062172133 2242 11
6.412080847 51.062172133 2243 11
6.598080847 51.062172133 2244 17
6.753080847 51.062172133 2245 16
6.908080847 51.062172133 2246 18
7.094080847 51.062172133 2247 18
7.249080847 51.062172133 2248 12
7.404080847 51.062172133 2249 NA
7.590080847 51.062172133 2250 10
7.745080847 51.062172133 2251 11
7.931080847 51.062172133 2252 10
8.086080847 51.062172133 2253 9
8.241080847 51.062172133 2254 9
8.427080847 51.062172133 2255 9
8.582080847 51.062172133 2256 9
8.737080847 51.062172133 2257 NA
8.923080847 51.062172133 2258 10
9.078080847 51.062172133 2259 8
9.264080847 51.062172133 2260 11
9.419080847 51.062172133 2261 9
9.574080847 51.062172133 2262 12
9.760080847 51.062172133 2263 10
9.915080847 51.062172133 2264 10
10.070080847 51.062172133 2265 NA
10.256080847 51.062172133 2266 9
10.411080847 51.062172133 2267 8
10.597080847 51.062172133 2268 6
10.752080847 51.062172133 2269 5
10.907080847 51.062172133 2270 6
11.093080847 51.062172133 2271 9
11.248080847 51.062172133 2272 5
11.403080847 51.062172133 2273 NA
11.589080847 51.062172133 2274 8
11.744080847 51.062172133 2275 3
11.930080847 51.062172133 2276 4
12.085080847 51.062172133 2277 9
12.240080847 51.062172133 2278 9
12.426080847 51.062172133 2279 12
12.581080847 51.062172133 2280 9
12.736080847 51.062172133 2281 NA
12.922080847 51.062172133 2282 10
13.077080847 51.062172133 2283 8
13.263080847 51.062172133 2284 10
13.418080847 51.062172133 2285 8
13.573080847 51.062172133 2286 11
13.759080847 51.062172133 2287 13
13.914080847 51.062172133 2288 12
14.069080847 51.062172133 2289 NA
14.255080847 51.062172133 2290 11
14.410080847 51.062172133 2291 11
14.596080847 51.062172133 2292 9
14.751080847 51.062172133 2293 6
14.906080847 51.062172133 2294 NA
6.071080847 50.938172133 2297 NA
6.257080847 50.938172133 2298 10
6.412080847 50.938172133 2299 10
6.598080847 50.938172133 2300 14
6.753080847 50.938172133 2301 15
6.908080847 50.938172133 2302 18
7.094080847 50.938172133 2303 18
7.249080847 50.938172133 2304 16
7.404080847 50.938172133 2305 NA
7.590080847 50.938172133 2306 12
7.745080847 50.938172133 2307 10
7.931080847 50.938172133 2308 10
8.086080847 50.938172133 2309 10
8.241080847 50.938172133 2310 9
8.427080847 50.938172133 2311 9
8.582080847 50.938172133 2312 10
8.737080847 50.938172133 2313 NA
8.923080847 50.938172133 2314 11
9.078080847 50.938172133 2315 10
9.264080847 50.938172133 2316 12
9.419080847 50.938172133 2317 11
9.574080847 50.938172133 2318 9
9.760080847 50.938172133 2319 12
9.915080847 50.938172133 2320 10
10.070080847 50.938172133 2321 NA
10.256080847 50.938172133 2322 11
10.411080847 50.938172133 2323 11
10.597080847 50.938172133 2324 7
10.752080847 50.938172133 2325 8
10.907080847 50.938172133 2326 7
11.093080847 50.938172133 2327 11
11.248080847 50.938172133 2328 9
11.403080847 50.938172133 2329 NA
11.589080847 50.938172133 2330 13
11.744080847 50.938172133 2331 7
11.930080847 50.938172133 2332 11
12.085080847 50.938172133 2333 9
12.240080847 50.938172133 2334 3
12.426080847 50.938172133 2335 9
12.581080847 50.938172133 2336 10
12.736080847 50.938172133 2337 NA
12.922080847 50.938172133 2338 10
13.077080847 50.938172133 2339 11
13.263080847 50.938172133 2340 10
13.418080847 50.938172133 2341 10
13.573080847 50.938172133 2342 11
13.759080847 50.938172133 2343 11
13.914080847 50.938172133 2344 13
14.069080847 50.938172133 2345 NA
14.255080847 50.938172133 2346 10
14.410080847 50.938172133 2347 7
14.596080847 50.938172133 2348 10
14.751080847 50.938172133 2349 9
14.906080847 50.938172133 2350 NA
6.071080847 50.845172133 2353 NA
6.257080847 50.845172133 2354 NA
6.412080847 50.845172133 2355 NA
6.598080847 50.845172133 2356 NA
6.753080847 50.845172133 2357 NA
6.908080847 50.845172133 2358 NA
7.094080847 50.845172133 2359 NA
7.249080847 50.845172133 2360 NA
7.404080847 50.845172133 2361 NA
7.590080847 50.845172133 2362 NA
7.745080847 50.845172133 2363 NA
7.931080847 50.845172133 2364 NA
8.086080847 50.845172133 2365 NA
8.241080847 50.845172133 2366 NA
8.427080847 50.845172133 2367 NA
8.582080847 50.845172133 2368 NA
8.737080847 50.845172133 2369 NA
8.923080847 50.845172133 2370 NA
9.078080847 50.845172133 2371 NA
9.264080847 50.845172133 2372 NA
9.419080847 50.845172133 2373 NA
9.574080847 50.845172133 2374 NA
9.760080847 50.845172133 2375 NA
9.915080847 50.845172133 2376 NA
10.070080847 50.845172133 2377 NA
10.256080847 50.845172133 2378 NA
10.411080847 50.845172133 2379 NA
10.597080847 50.845172133 2380 NA
10.752080847 50.845172133 2381 NA
10.907080847 50.845172133 2382 NA
11.093080847 50.845172133 2383 NA
11.248080847 50.845172133 2384 NA
11.403080847 50.845172133 2385 NA
11.589080847 50.845172133 2386 NA
11.744080847 50.845172133 2387 NA
11.930080847 50.845172133 2388 NA
12.085080847 50.845172133 2389 NA
12.240080847 50.845172133 2390 NA
12.426080847 50.845172133 2391 NA
12.581080847 50.845172133 2392 NA
12.736080847 50.845172133 2393 NA
12.922080847 50.845172133 2394 NA
13.077080847 50.845172133 2395 NA
13.263080847 50.845172133 2396 NA
13.418080847 50.845172133 2397 NA
13.573080847 50.845172133 2398 NA
13.759080847 50.845172133 2399 NA
13.914080847 50.845172133 2400 NA
14.069080847 50.845172133 2401 NA
14.255080847 50.845172133 2402 NA
14.410080847 50.845172133 2403 NA
14.596080847 50.845172133 2404 NA
14.751080847 50.845172133 2405 NA
6.071080847 50.752172133 2409 NA
6.257080847 50.752172133 2410 16
6.412080847 50.752172133 2411 14
6.598080847 50.752172133 2412 9
6.753080847 50.752172133 2413 10
6.908080847 50.752172133 2414 12
7.094080847 50.752172133 2415 18
7.249080847 50.752172133 2416 18
7.404080847 50.752172133 2417 NA
7.590080847 50.752172133 2418 13
7.745080847 50.752172133 2419 12
7.931080847 50.752172133 2420 11
8.086080847 50.752172133 2421 10
8.241080847 50.752172133 2422 12
8.427080847 50.752172133 2423 11
8.582080847 50.752172133 2424 11
8.737080847 50.752172133 2425 NA
8.923080847 50.752172133 2426 11
9.078080847 50.752172133 2427 11
9.264080847 50.752172133 2428 12
9.419080847 50.752172133 2429 10
9.574080847 50.752172133 2430 12
9.760080847 50.752172133 2431 9
9.915080847 50.752172133 2432 10
10.070080847 50.752172133 2433 NA
10.256080847 50.752172133 2434 9
10.411080847 50.752172133 2435 10
10.597080847 50.752172133 2436 10
10.752080847 50.752172133 2437 10
10.907080847 50.752172133 2438 12
11.093080847 50.752172133 2439 9
11.248080847 50.752172133 2440 11
11.403080847 50.752172133 2441 NA
11.589080847 50.752172133 2442 7
11.744080847 50.752172133 2443 9
11.930080847 50.752172133 2444 8
12.085080847 50.752172133 2445 10
12.240080847 50.752172133 2446 10
12.426080847 50.752172133 2447 12
12.581080847 50.752172133 2448 11
12.736080847 50.752172133 2449 NA
12.922080847 50.752172133 2450 13
13.077080847 50.752172133 2451 12
13.263080847 50.752172133 2452 11
13.418080847 50.752172133 2453 7
13.573080847 50.752172133 2454 4
13.759080847 50.752172133 2455 9
13.914080847 50.752172133 2456 9
6.257080847 50.659172133 2466 12
6.412080847 50.659172133 2467 14
6.598080847 50.659172133 2468 10
6.753080847 50.659172133 2469 10
6.908080847 50.659172133 2470 10
7.094080847 50.659172133 2471 17
7.249080847 50.659172133 2472 14
7.404080847 50.659172133 2473 NA
7.590080847 50.659172133 2474 14
7.745080847 50.659172133 2475 12
7.931080847 50.659172133 2476 12
8.086080847 50.659172133 2477 11
8.241080847 50.659172133 2478 11
8.427080847 50.659172133 2479 11
8.582080847 50.659172133 2480 12
8.737080847 50.659172133 2481 NA
8.923080847 50.659172133 2482 11
9.078080847 50.659172133 2483 11
9.264080847 50.659172133 2484 10
9.419080847 50.659172133 2485 12
9.574080847 50.659172133 2486 12
9.760080847 50.659172133 2487 12
9.915080847 50.659172133 2488 10
10.070080847 50.659172133 2489 NA
10.256080847 50.659172133 2490 10
10.411080847 50.659172133 2491 9
10.597080847 50.659172133 2492 12
10.752080847 50.659172133 2493 11
10.907080847 50.659172133 2494 12
11.093080847 50.659172133 2495 12
11.248080847 50.659172133 2496 12
11.403080847 50.659172133 2497 NA
11.589080847 50.659172133 2498 9
11.744080847 50.659172133 2499 9
11.930080847 50.659172133 2500 9
12.085080847 50.659172133 2501 11
12.240080847 50.659172133 2502 11
12.426080847 50.659172133 2503 10
12.581080847 50.659172133 2504 10
12.736080847 50.659172133 2505 NA
12.922080847 50.659172133 2506 11
13.077080847 50.659172133 2507 10
13.263080847 50.659172133 2508 10
13.418080847 50.659172133 2509 9
13.573080847 50.659172133 2510 10
6.257080847 50.535172133 2522 12
6.412080847 50.535172133 2523 13
6.598080847 50.535172133 2524 11
6.753080847 50.535172133 2525 12
6.908080847 50.535172133 2526 12
7.094080847 50.535172133 2527 13
7.249080847 50.535172133 2528 17
7.404080847 50.535172133 2529 NA
7.590080847 50.535172133 2530 12
7.745080847 50.535172133 2531 13
7.931080847 50.535172133 2532 12
8.086080847 50.535172133 2533 12
8.241080847 50.535172133 2534 12
8.427080847 50.535172133 2535 15
8.582080847 50.535172133 2536 11
8.737080847 50.535172133 2537 NA
8.923080847 50.535172133 2538 11
9.078080847 50.535172133 2539 12
9.264080847 50.535172133 2540 9
9.419080847 50.535172133 2541 11
9.574080847 50.535172133 2542 13
9.760080847 50.535172133 2543 12
9.915080847 50.535172133 2544 11
10.070080847 50.535172133 2545 NA
10.256080847 50.535172133 2546 10
10.411080847 50.535172133 2547 12
10.597080847 50.535172133 2548 9
10.752080847 50.535172133 2549 11
10.907080847 50.535172133 2550 9
11.093080847 50.535172133 2551 10
11.248080847 50.535172133 2552 10
11.403080847 50.535172133 2553 NA
11.589080847 50.535172133 2554 8
11.744080847 50.535172133 2555 11
11.930080847 50.535172133 2556 10
12.085080847 50.535172133 2557 11
12.240080847 50.535172133 2558 10
12.426080847 50.535172133 2559 11
12.581080847 50.535172133 2560 10
12.736080847 50.535172133 2561 NA
12.922080847 50.535172133 2562 9
13.077080847 50.535172133 2563 7
13.263080847 50.535172133 2564 7
6.412080847 50.442172133 2579 12
6.598080847 50.442172133 2580 10
6.753080847 50.442172133 2581 12
6.908080847 50.442172133 2582 13
7.094080847 50.442172133 2583 10
7.249080847 50.442172133 2584 11
7.404080847 50.442172133 2585 NA
7.590080847 50.442172133 2586 17
7.745080847 50.442172133 2587 12
7.931080847 50.442172133 2588 12
8.086080847 50.442172133 2589 11
8.241080847 50.442172133 2590 12
8.427080847 50.442172133 2591 11
8.582080847 50.442172133 2592 11
8.737080847 50.442172133 2593 NA
8.923080847 50.442172133 2594 12
9.078080847 50.442172133 2595 13
9.264080847 50.442172133 2596 11
9.419080847 50.442172133 2597 10
9.574080847 50.442172133 2598 11
9.760080847 50.442172133 2599 12
9.915080847 50.442172133 2600 10
10.070080847 50.442172133 2601 NA
10.256080847 50.442172133 2602 9
10.411080847 50.442172133 2603 9
10.597080847 50.442172133 2604 9
10.752080847 50.442172133 2605 10
10.907080847 50.442172133 2606 10
11.093080847 50.442172133 2607 10
11.248080847 50.442172133 2608 9
11.403080847 50.442172133 2609 NA
11.589080847 50.442172133 2610 11
11.744080847 50.442172133 2611 11
11.930080847 50.442172133 2612 10
12.085080847 50.442172133 2613 11
12.240080847 50.442172133 2614 8
12.426080847 50.442172133 2615 10
12.581080847 50.442172133 2616 7
12.736080847 50.442172133 2617 NA
12.922080847 50.442172133 2618 5
13.077080847 50.442172133 2619 7
6.257080847 50.349172133 2634 NA
6.412080847 50.349172133 2635 NA
6.598080847 50.349172133 2636 NA
6.753080847 50.349172133 2637 NA
6.908080847 50.349172133 2638 NA
7.094080847 50.349172133 2639 NA
7.249080847 50.349172133 2640 NA
7.404080847 50.349172133 2641 NA
7.590080847 50.349172133 2642 NA
7.745080847 50.349172133 2643 NA
7.931080847 50.349172133 2644 NA
8.086080847 50.349172133 2645 NA
8.241080847 50.349172133 2646 NA
8.427080847 50.349172133 2647 NA
8.582080847 50.349172133 2648 NA
8.737080847 50.349172133 2649 NA
8.923080847 50.349172133 2650 NA
9.078080847 50.349172133 2651 NA
9.264080847 50.349172133 2652 NA
9.419080847 50.349172133 2653 NA
9.574080847 50.349172133 2654 NA
9.760080847 50.349172133 2655 NA
9.915080847 50.349172133 2656 NA
10.070080847 50.349172133 2657 NA
10.256080847 50.349172133 2658 NA
10.411080847 50.349172133 2659 NA
10.597080847 50.349172133 2660 NA
10.752080847 50.349172133 2661 NA
10.907080847 50.349172133 2662 NA
11.093080847 50.349172133 2663 NA
11.248080847 50.349172133 2664 NA
11.403080847 50.349172133 2665 NA
11.589080847 50.349172133 2666 NA
11.744080847 50.349172133 2667 NA
11.930080847 50.349172133 2668 NA
12.085080847 50.349172133 2669 NA
12.240080847 50.349172133 2670 NA
12.426080847 50.349172133 2671 NA
12.581080847 50.349172133 2672 NA
6.257080847 50.256172133 2690 10
6.412080847 50.256172133 2691 11
6.598080847 50.256172133 2692 11
6.753080847 50.256172133 2693 12
6.908080847 50.256172133 2694 12
7.094080847 50.256172133 2695 12
7.249080847 50.256172133 2696 11
7.404080847 50.256172133 2697 NA
7.590080847 50.256172133 2698 12
7.745080847 50.256172133 2699 11
7.931080847 50.256172133 2700 12
8.086080847 50.256172133 2701 12
8.241080847 50.256172133 2702 12
8.427080847 50.256172133 2703 12
8.582080847 50.256172133 2704 16
8.737080847 50.256172133 2705 NA
8.923080847 50.256172133 2706 12
9.078080847 50.256172133 2707 11
9.264080847 50.256172133 2708 11
9.419080847 50.256172133 2709 10
9.574080847 50.256172133 2710 10
9.760080847 50.256172133 2711 11
9.915080847 50.256172133 2712 10
10.070080847 50.256172133 2713 NA
10.256080847 50.256172133 2714 9
10.411080847 50.256172133 2715 11
10.597080847 50.256172133 2716 10
10.752080847 50.256172133 2717 9
10.907080847 50.256172133 2718 11
11.093080847 50.256172133 2719 10
11.248080847 50.256172133 2720 11
11.403080847 50.256172133 2721 NA
11.589080847 50.256172133 2722 9
11.744080847 50.256172133 2723 11
11.930080847 50.256172133 2724 11
12.085080847 50.256172133 2725 8
12.240080847 50.256172133 2726 9
12.426080847 50.256172133 2727 10
6.071080847 50.163172133 2745 NA
6.257080847 50.163172133 2746 10
6.412080847 50.163172133 2747 10
6.598080847 50.163172133 2748 9
6.753080847 50.163172133 2749 12
6.908080847 50.163172133 2750 12
7.094080847 50.163172133 2751 13
7.249080847 50.163172133 2752 12
7.404080847 50.163172133 2753 NA
7.590080847 50.163172133 2754 12
7.745080847 50.163172133 2755 12
7.931080847 50.163172133 2756 10
8.086080847 50.163172133 2757 13
8.241080847 50.163172133 2758 14
8.427080847 50.163172133 2759 15
8.582080847 50.163172133 2760 14
8.737080847 50.163172133 2761 NA
8.923080847 50.163172133 2762 15
9.078080847 50.163172133 2763 14
9.264080847 50.163172133 2764 12
9.419080847 50.163172133 2765 10
9.574080847 50.163172133 2766 10
9.760080847 50.163172133 2767 10
9.915080847 50.163172133 2768 10
10.070080847 50.163172133 2769 NA
10.256080847 50.163172133 2770 9
10.411080847 50.163172133 2771 9
10.597080847 50.163172133 2772 11
10.752080847 50.163172133 2773 10
10.907080847 50.163172133 2774 10
11.093080847 50.163172133 2775 11
11.248080847 50.163172133 2776 11
11.403080847 50.163172133 2777 NA
11.589080847 50.163172133 2778 11
11.744080847 50.163172133 2779 11
11.930080847 50.163172133 2780 11
12.085080847 50.163172133 2781 12
12.240080847 50.163172133 2782 11
6.071080847 50.039172133 2801 NA
6.257080847 50.039172133 2802 10
6.412080847 50.039172133 2803 12
6.598080847 50.039172133 2804 12
6.753080847 50.039172133 2805 12
6.908080847 50.039172133 2806 12
7.094080847 50.039172133 2807 13
7.249080847 50.039172133 2808 11
7.404080847 50.039172133 2809 NA
7.590080847 50.039172133 2810 11
7.745080847 50.039172133 2811 12
7.931080847 50.039172133 2812 12
8.086080847 50.039172133 2813 13
8.241080847 50.039172133 2814 16
8.427080847 50.039172133 2815 12
8.582080847 50.039172133 2816 16
8.737080847 50.039172133 2817 NA
8.923080847 50.039172133 2818 15
9.078080847 50.039172133 2819 15
9.264080847 50.039172133 2820 12
9.419080847 50.039172133 2821 11
9.574080847 50.039172133 2822 11
9.760080847 50.039172133 2823 10
9.915080847 50.039172133 2824 9
10.070080847 50.039172133 2825 NA
10.256080847 50.039172133 2826 14
10.411080847 50.039172133 2827 10
10.597080847 50.039172133 2828 11
10.752080847 50.039172133 2829 11
10.907080847 50.039172133 2830 10
11.093080847 50.039172133 2831 9
11.248080847 50.039172133 2832 9
11.403080847 50.039172133 2833 NA
11.589080847 50.039172133 2834 10
11.744080847 50.039172133 2835 9
11.930080847 50.039172133 2836 10
12.085080847 50.039172133 2837 12
12.240080847 50.039172133 2838 9
12.426080847 50.039172133 2839 9
6.071080847 49.946172133 2857 NA
6.257080847 49.946172133 2858 12
6.412080847 49.946172133 2859 11
6.598080847 49.946172133 2860 12
6.753080847 49.946172133 2861 13
6.908080847 49.946172133 2862 12
7.094080847 49.946172133 2863 12
7.249080847 49.946172133 2864 12
7.404080847 49.946172133 2865 NA
7.590080847 49.946172133 2866 9
7.745080847 49.946172133 2867 13
7.931080847 49.946172133 2868 13
8.086080847 49.946172133 2869 10
8.241080847 49.946172133 2870 10
8.427080847 49.946172133 2871 14
8.582080847 49.946172133 2872 16
8.737080847 49.946172133 2873 NA
8.923080847 49.946172133 2874 13
9.078080847 49.946172133 2875 14
9.264080847 49.946172133 2876 14
9.419080847 49.946172133 2877 8
9.574080847 49.946172133 2878 12
9.760080847 49.946172133 2879 10
9.915080847 49.946172133 2880 9
10.070080847 49.946172133 2881 NA
10.256080847 49.946172133 2882 9
10.411080847 49.946172133 2883 10
10.597080847 49.946172133 2884 10
10.752080847 49.946172133 2885 10
10.907080847 49.946172133 2886 11
11.093080847 49.946172133 2887 9
11.248080847 49.946172133 2888 10
11.403080847 49.946172133 2889 NA
11.589080847 49.946172133 2890 13
11.744080847 49.946172133 2891 10
11.930080847 49.946172133 2892 9
12.085080847 49.946172133 2893 10
12.240080847 49.946172133 2894 10
12.426080847 49.946172133 2895 7
12.581080847 49.946172133 2896 8
6.257080847 49.853172133 2914 11
6.412080847 49.853172133 2915 13
6.598080847 49.853172133 2916 12
6.753080847 49.853172133 2917 13
6.908080847 49.853172133 2918 11
7.094080847 49.853172133 2919 12
7.249080847 49.853172133 2920 9
7.404080847 49.853172133 2921 NA
7.590080847 49.853172133 2922 12
7.745080847 49.853172133 2923 12
7.931080847 49.853172133 2924 12
8.086080847 49.853172133 2925 9
8.241080847 49.853172133 2926 9
8.427080847 49.853172133 2927 11
8.582080847 49.853172133 2928 16
8.737080847 49.853172133 2929 NA
8.923080847 49.853172133 2930 11
9.078080847 49.853172133 2931 12
9.264080847 49.853172133 2932 12
9.419080847 49.853172133 2933 8
9.574080847 49.853172133 2934 11
9.760080847 49.853172133 2935 9
9.915080847 49.853172133 2936 10
10.070080847 49.853172133 2937 NA
10.256080847 49.853172133 2938 10
10.411080847 49.853172133 2939 9
10.597080847 49.853172133 2940 10
10.752080847 49.853172133 2941 11
10.907080847 49.853172133 2942 14
11.093080847 49.853172133 2943 9
11.248080847 49.853172133 2944 9
11.403080847 49.853172133 2945 NA
11.589080847 49.853172133 2946 10
11.744080847 49.853172133 2947 10
11.930080847 49.853172133 2948 10
12.085080847 49.853172133 2949 10
12.240080847 49.853172133 2950 9
12.426080847 49.853172133 2951 8
12.581080847 49.853172133 2952 6
6.412080847 49.760172133 2971 NA
6.598080847 49.760172133 2972 NA
6.753080847 49.760172133 2973 NA
6.908080847 49.760172133 2974 NA
7.094080847 49.760172133 2975 NA
7.249080847 49.760172133 2976 NA
7.404080847 49.760172133 2977 NA
7.590080847 49.760172133 2978 NA
7.745080847 49.760172133 2979 NA
7.931080847 49.760172133 2980 NA
8.086080847 49.760172133 2981 NA
8.241080847 49.760172133 2982 NA
8.427080847 49.760172133 2983 NA
8.582080847 49.760172133 2984 NA
8.737080847 49.760172133 2985 NA
8.923080847 49.760172133 2986 NA
9.078080847 49.760172133 2987 NA
9.264080847 49.760172133 2988 NA
9.419080847 49.760172133 2989 NA
9.574080847 49.760172133 2990 NA
9.760080847 49.760172133 2991 NA
9.915080847 49.760172133 2992 NA
10.070080847 49.760172133 2993 NA
10.256080847 49.760172133 2994 NA
10.411080847 49.760172133 2995 NA
10.597080847 49.760172133 2996 NA
10.752080847 49.760172133 2997 NA
10.907080847 49.760172133 2998 NA
11.093080847 49.760172133 2999 NA
11.248080847 49.760172133 3000 NA
11.403080847 49.760172133 3001 NA
11.589080847 49.760172133 3002 NA
11.744080847 49.760172133 3003 NA
11.930080847 49.760172133 3004 NA
12.085080847 49.760172133 3005 NA
12.240080847 49.760172133 3006 NA
12.426080847 49.760172133 3007 NA
6.412080847 49.636172133 3027 NA
6.598080847 49.636172133 3028 NA
6.753080847 49.636172133 3029 NA
6.908080847 49.636172133 3030 NA
7.094080847 49.636172133 3031 NA
7.249080847 49.636172133 3032 NA
7.404080847 49.636172133 3033 NA
7.590080847 49.636172133 3034 NA
7.745080847 49.636172133 3035 NA
7.931080847 49.636172133 3036 NA
8.086080847 49.636172133 3037 NA
8.241080847 49.636172133 3038 NA
8.427080847 49.636172133 3039 NA
8.582080847 49.636172133 3040 NA
8.737080847 49.636172133 3041 NA
8.923080847 49.636172133 3042 NA
9.078080847 49.636172133 3043 NA
9.264080847 49.636172133 3044 NA
9.419080847 49.636172133 3045 NA
9.574080847 49.636172133 3046 NA
9.760080847 49.636172133 3047 NA
9.915080847 49.636172133 3048 NA
10.070080847 49.636172133 3049 NA
10.256080847 49.636172133 3050 NA
10.411080847 49.636172133 3051 NA
10.597080847 49.636172133 3052 NA
10.752080847 49.636172133 3053 NA
10.907080847 49.636172133 3054 NA
11.093080847 49.636172133 3055 NA
11.248080847 49.636172133 3056 NA
11.403080847 49.636172133 3057 NA
11.589080847 49.636172133 3058 NA
11.744080847 49.636172133 3059 NA
11.930080847 49.636172133 3060 NA
12.085080847 49.636172133 3061 NA
12.240080847 49.636172133 3062 NA
12.426080847 49.636172133 3063 NA
12.581080847 49.636172133 3064 NA
6.412080847 49.543172133 3083 9
6.598080847 49.543172133 3084 12
6.753080847 49.543172133 3085 13
6.908080847 49.543172133 3086 13
7.094080847 49.543172133 3087 13
7.249080847 49.543172133 3088 12
7.404080847 49.543172133 3089 NA
7.590080847 49.543172133 3090 12
7.745080847 49.543172133 3091 12
7.931080847 49.543172133 3092 12
8.086080847 49.543172133 3093 11
8.241080847 49.543172133 3094 10
8.427080847 49.543172133 3095 15
8.582080847 49.543172133 3096 14
8.737080847 49.543172133 3097 NA
8.923080847 49.543172133 3098 11
9.078080847 49.543172133 3099 9
9.264080847 49.543172133 3100 10
9.419080847 49.543172133 3101 6
9.574080847 49.543172133 3102 9
9.760080847 49.543172133 3103 10
9.915080847 49.543172133 3104 10
10.070080847 49.543172133 3105 NA
10.256080847 49.543172133 3106 9
10.411080847 49.543172133 3107 10
10.597080847 49.543172133 3108 9
10.752080847 49.543172133 3109 10
10.907080847 49.543172133 3110 11
11.093080847 49.543172133 3111 8
11.248080847 49.543172133 3112 12
11.403080847 49.543172133 3113 NA
11.589080847 49.543172133 3114 9
11.744080847 49.543172133 3115 11
11.930080847 49.543172133 3116 9
12.085080847 49.543172133 3117 8
12.240080847 49.543172133 3118 10
12.426080847 49.543172133 3119 9
12.581080847 49.543172133 3120 9
6.412080847 49.450172133 3139 9
6.598080847 49.450172133 3140 12
6.753080847 49.450172133 3141 12
6.908080847 49.450172133 3142 12
7.094080847 49.450172133 3143 12
7.249080847 49.450172133 3144 12
7.404080847 49.450172133 3145 NA
7.590080847 49.450172133 3146 13
7.745080847 49.450172133 3147 16
7.931080847 49.450172133 3148 12
8.086080847 49.450172133 3149 11
8.241080847 49.450172133 3150 11
8.427080847 49.450172133 3151 15
8.582080847 49.450172133 3152 13
8.737080847 49.450172133 3153 NA
8.923080847 49.450172133 3154 11
9.078080847 49.450172133 3155 10
9.264080847 49.450172133 3156 9
9.419080847 49.450172133 3157 9
9.574080847 49.450172133 3158 8
9.760080847 49.450172133 3159 8
9.915080847 49.450172133 3160 9
10.070080847 49.450172133 3161 NA
10.256080847 49.450172133 3162 9
10.411080847 49.450172133 3163 9
10.597080847 49.450172133 3164 10
10.752080847 49.450172133 3165 9
10.907080847 49.450172133 3166 13
11.093080847 49.450172133 3167 13
11.248080847 49.450172133 3168 12
11.403080847 49.450172133 3169 NA
11.589080847 49.450172133 3170 9
11.744080847 49.450172133 3171 11
11.930080847 49.450172133 3172 11
12.085080847 49.450172133 3173 10
12.240080847 49.450172133 3174 9
12.426080847 49.450172133 3175 10
12.581080847 49.450172133 3176 9
12.736080847 49.450172133 3177 NA
6.598080847 49.357172133 3196 9
6.753080847 49.357172133 3197 18
6.908080847 49.357172133 3198 12
7.094080847 49.357172133 3199 16
7.249080847 49.357172133 3200 16
7.404080847 49.357172133 3201 NA
7.590080847 49.357172133 3202 11
7.745080847 49.357172133 3203 9
7.931080847 49.357172133 3204 7
8.086080847 49.357172133 3205 14
8.241080847 49.357172133 3206 14
8.427080847 49.357172133 3207 15
8.582080847 49.357172133 3208 15
8.737080847 49.357172133 3209 NA
8.923080847 49.357172133 3210 11
9.078080847 49.357172133 3211 11
9.264080847 49.357172133 3212 8
9.419080847 49.357172133 3213 8
9.574080847 49.357172133 3214 8
9.760080847 49.357172133 3215 10
9.915080847 49.357172133 3216 8
10.070080847 49.357172133 3217 NA
10.256080847 49.357172133 3218 10
10.411080847 49.357172133 3219 10
10.597080847 49.357172133 3220 10
10.752080847 49.357172133 3221 10
10.907080847 49.357172133 3222 10
11.093080847 49.357172133 3223 15
11.248080847 49.357172133 3224 12
11.403080847 49.357172133 3225 NA
11.589080847 49.357172133 3226 9
11.744080847 49.357172133 3227 10
11.930080847 49.357172133 3228 11
12.085080847 49.357172133 3229 11
12.240080847 49.357172133 3230 10
12.426080847 49.357172133 3231 9
12.581080847 49.357172133 3232 10
12.736080847 49.357172133 3233 NA
12.922080847 49.357172133 3234 9
6.598080847 49.264172133 3252 NA
6.753080847 49.264172133 3253 NA
6.908080847 49.264172133 3254 NA
7.094080847 49.264172133 3255 NA
7.249080847 49.264172133 3256 NA
7.404080847 49.264172133 3257 NA
7.590080847 49.264172133 3258 NA
7.745080847 49.264172133 3259 NA
7.931080847 49.264172133 3260 NA
8.086080847 49.264172133 3261 NA
8.241080847 49.264172133 3262 NA
8.427080847 49.264172133 3263 NA
8.582080847 49.264172133 3264 NA
8.737080847 49.264172133 3265 NA
8.923080847 49.264172133 3266 NA
9.078080847 49.264172133 3267 NA
9.264080847 49.264172133 3268 NA
9.419080847 49.264172133 3269 NA
9.574080847 49.264172133 3270 NA
9.760080847 49.264172133 3271 NA
9.915080847 49.264172133 3272 NA
10.070080847 49.264172133 3273 NA
10.256080847 49.264172133 3274 NA
10.411080847 49.264172133 3275 NA
10.597080847 49.264172133 3276 NA
10.752080847 49.264172133 3277 NA
10.907080847 49.264172133 3278 NA
11.093080847 49.264172133 3279 NA
11.248080847 49.264172133 3280 NA
11.403080847 49.264172133 3281 NA
11.589080847 49.264172133 3282 NA
11.744080847 49.264172133 3283 NA
11.930080847 49.264172133 3284 NA
12.085080847 49.264172133 3285 NA
12.240080847 49.264172133 3286 NA
12.426080847 49.264172133 3287 NA
12.581080847 49.264172133 3288 NA
12.736080847 49.264172133 3289 NA
12.922080847 49.264172133 3290 NA
13.077080847 49.264172133 3291 NA
6.753080847 49.140172133 3309 NA
6.908080847 49.140172133 3310 NA
7.094080847 49.140172133 3311 NA
7.249080847 49.140172133 3312 NA
7.404080847 49.140172133 3313 NA
7.590080847 49.140172133 3314 NA
7.745080847 49.140172133 3315 NA
7.931080847 49.140172133 3316 NA
8.086080847 49.140172133 3317 NA
8.241080847 49.140172133 3318 NA
8.427080847 49.140172133 3319 NA
8.582080847 49.140172133 3320 NA
8.737080847 49.140172133 3321 NA
8.923080847 49.140172133 3322 NA
9.078080847 49.140172133 3323 NA
9.264080847 49.140172133 3324 NA
9.419080847 49.140172133 3325 NA
9.574080847 49.140172133 3326 NA
9.760080847 49.140172133 3327 NA
9.915080847 49.140172133 3328 NA
10.070080847 49.140172133 3329 NA
10.256080847 49.140172133 3330 NA
10.411080847 49.140172133 3331 NA
10.597080847 49.140172133 3332 NA
10.752080847 49.140172133 3333 NA
10.907080847 49.140172133 3334 NA
11.093080847 49.140172133 3335 NA
11.248080847 49.140172133 3336 NA
11.403080847 49.140172133 3337 NA
11.589080847 49.140172133 3338 NA
11.744080847 49.140172133 3339 NA
11.930080847 49.140172133 3340 NA
12.085080847 49.140172133 3341 NA
12.240080847 49.140172133 3342 NA
12.426080847 49.140172133 3343 NA
12.581080847 49.140172133 3344 NA
12.736080847 49.140172133 3345 NA
12.922080847 49.140172133 3346 NA
13.077080847 49.140172133 3347 NA
13.263080847 49.140172133 3348 NA
7.590080847 49.047172133 3370 7
7.745080847 49.047172133 3371 9
7.931080847 49.047172133 3372 12
8.086080847 49.047172133 3373 11
8.241080847 49.047172133 3374 15
8.427080847 49.047172133 3375 15
8.582080847 49.047172133 3376 10
8.737080847 49.047172133 3377 NA
8.923080847 49.047172133 3378 10
9.078080847 49.047172133 3379 10
9.264080847 49.047172133 3380 10
9.419080847 49.047172133 3381 8
9.574080847 49.047172133 3382 12
9.760080847 49.047172133 3383 12
9.915080847 49.047172133 3384 11
10.070080847 49.047172133 3385 NA
10.256080847 49.047172133 3386 10
10.411080847 49.047172133 3387 9
10.597080847 49.047172133 3388 9
10.752080847 49.047172133 3389 8
10.907080847 49.047172133 3390 10
11.093080847 49.047172133 3391 8
11.248080847 49.047172133 3392 7
11.403080847 49.047172133 3393 NA
11.589080847 49.047172133 3394 10
11.744080847 49.047172133 3395 10
11.930080847 49.047172133 3396 11
12.085080847 49.047172133 3397 13
12.240080847 49.047172133 3398 12
12.426080847 49.047172133 3399 10
12.581080847 49.047172133 3400 11
12.736080847 49.047172133 3401 NA
12.922080847 49.047172133 3402 10
13.077080847 49.047172133 3403 9
13.263080847 49.047172133 3404 9
13.418080847 49.047172133 3405 5
8.086080847 48.954172133 3429 9
8.241080847 48.954172133 3430 15
8.427080847 48.954172133 3431 13
8.582080847 48.954172133 3432 12
8.737080847 48.954172133 3433 NA
8.923080847 48.954172133 3434 10
9.078080847 48.954172133 3435 12
9.264080847 48.954172133 3436 10
9.419080847 48.954172133 3437 12
9.574080847 48.954172133 3438 12
9.760080847 48.954172133 3439 12
9.915080847 48.954172133 3440 10
10.070080847 48.954172133 3441 NA
10.256080847 48.954172133 3442 10
10.411080847 48.954172133 3443 9
10.597080847 48.954172133 3444 10
10.752080847 48.954172133 3445 8
10.907080847 48.954172133 3446 10
11.093080847 48.954172133 3447 9
11.248080847 48.954172133 3448 9
11.403080847 48.954172133 3449 NA
11.589080847 48.954172133 3450 10
11.744080847 48.954172133 3451 10
11.930080847 48.954172133 3452 11
12.085080847 48.954172133 3453 11
12.240080847 48.954172133 3454 9
12.426080847 48.954172133 3455 11
12.581080847 48.954172133 3456 12
12.736080847 48.954172133 3457 NA
12.922080847 48.954172133 3458 10
13.077080847 48.954172133 3459 12
13.263080847 48.954172133 3460 7
13.418080847 48.954172133 3461 9
13.573080847 48.954172133 3462 8
8.086080847 48.861172133 3485 14
8.241080847 48.861172133 3486 13
8.427080847 48.861172133 3487 12
8.582080847 48.861172133 3488 11
8.737080847 48.861172133 3489 NA
8.923080847 48.861172133 3490 10
9.078080847 48.861172133 3491 10
9.264080847 48.861172133 3492 12
9.419080847 48.861172133 3493 13
9.574080847 48.861172133 3494 12
9.760080847 48.861172133 3495 10
9.915080847 48.861172133 3496 11
10.070080847 48.861172133 3497 NA
10.256080847 48.861172133 3498 10
10.411080847 48.861172133 3499 8
10.597080847 48.861172133 3500 10
10.752080847 48.861172133 3501 9
10.907080847 48.861172133 3502 9
11.093080847 48.861172133 3503 9
11.248080847 48.861172133 3504 10
11.403080847 48.861172133 3505 NA
11.589080847 48.861172133 3506 11
11.744080847 48.861172133 3507 11
11.930080847 48.861172133 3508 11
12.085080847 48.861172133 3509 11
12.240080847 48.861172133 3510 11
12.426080847 48.861172133 3511 10
12.581080847 48.861172133 3512 10
12.736080847 48.861172133 3513 NA
12.922080847 48.861172133 3514 13
13.077080847 48.861172133 3515 11
13.263080847 48.861172133 3516 11
13.418080847 48.861172133 3517 9
13.573080847 48.861172133 3518 9
13.759080847 48.861172133 3519 7
7.931080847 48.737172133 3540 12
8.086080847 48.737172133 3541 13
8.241080847 48.737172133 3542 13
8.427080847 48.737172133 3543 10
8.582080847 48.737172133 3544 8
8.737080847 48.737172133 3545 NA
8.923080847 48.737172133 3546 9
9.078080847 48.737172133 3547 12
9.264080847 48.737172133 3548 12
9.419080847 48.737172133 3549 13
9.574080847 48.737172133 3550 10
9.760080847 48.737172133 3551 12
9.915080847 48.737172133 3552 10
10.070080847 48.737172133 3553 NA
10.256080847 48.737172133 3554 10
10.411080847 48.737172133 3555 9
10.597080847 48.737172133 3556 9
10.752080847 48.737172133 3557 10
10.907080847 48.737172133 3558 10
11.093080847 48.737172133 3559 10
11.248080847 48.737172133 3560 10
11.403080847 48.737172133 3561 NA
11.589080847 48.737172133 3562 10
11.744080847 48.737172133 3563 7
11.930080847 48.737172133 3564 10
12.085080847 48.737172133 3565 10
12.240080847 48.737172133 3566 10
12.426080847 48.737172133 3567 10
12.581080847 48.737172133 3568 10
12.736080847 48.737172133 3569 NA
12.922080847 48.737172133 3570 11
13.077080847 48.737172133 3571 12
13.263080847 48.737172133 3572 13
13.418080847 48.737172133 3573 14
13.573080847 48.737172133 3574 13
13.759080847 48.737172133 3575 11
7.745080847 48.644172133 3595 14
7.931080847 48.644172133 3596 11
8.086080847 48.644172133 3597 12
8.241080847 48.644172133 3598 8
8.427080847 48.644172133 3599 8
8.582080847 48.644172133 3600 8
8.737080847 48.644172133 3601 NA
8.923080847 48.644172133 3602 10
9.078080847 48.644172133 3603 12
9.264080847 48.644172133 3604 10
9.419080847 48.644172133 3605 12
9.574080847 48.644172133 3606 10
9.760080847 48.644172133 3607 10
9.915080847 48.644172133 3608 9
10.070080847 48.644172133 3609 NA
10.256080847 48.644172133 3610 11
10.411080847 48.644172133 3611 9
10.597080847 48.644172133 3612 11
10.752080847 48.644172133 3613 7
10.907080847 48.644172133 3614 9
11.093080847 48.644172133 3615 10
11.248080847 48.644172133 3616 3
11.403080847 48.644172133 3617 NA
11.589080847 48.644172133 3618 12
11.744080847 48.644172133 3619 11
11.930080847 48.644172133 3620 10
12.085080847 48.644172133 3621 10
12.240080847 48.644172133 3622 10
12.426080847 48.644172133 3623 8
12.581080847 48.644172133 3624 10
12.736080847 48.644172133 3625 NA
12.922080847 48.644172133 3626 10
13.077080847 48.644172133 3627 11
13.263080847 48.644172133 3628 13
13.418080847 48.644172133 3629 15
13.573080847 48.644172133 3630 12
13.759080847 48.644172133 3631 9
7.745080847 48.551172133 3651 NA
7.931080847 48.551172133 3652 NA
8.086080847 48.551172133 3653 NA
8.241080847 48.551172133 3654 NA
8.427080847 48.551172133 3655 NA
8.582080847 48.551172133 3656 NA
8.737080847 48.551172133 3657 NA
8.923080847 48.551172133 3658 NA
9.078080847 48.551172133 3659 NA
9.264080847 48.551172133 3660 NA
9.419080847 48.551172133 3661 NA
9.574080847 48.551172133 3662 NA
9.760080847 48.551172133 3663 NA
9.915080847 48.551172133 3664 NA
10.070080847 48.551172133 3665 NA
10.256080847 48.551172133 3666 NA
10.411080847 48.551172133 3667 NA
10.597080847 48.551172133 3668 NA
10.752080847 48.551172133 3669 NA
10.907080847 48.551172133 3670 NA
11.093080847 48.551172133 3671 NA
11.248080847 48.551172133 3672 NA
11.403080847 48.551172133 3673 NA
11.589080847 48.551172133 3674 NA
11.744080847 48.551172133 3675 NA
11.930080847 48.551172133 3676 NA
12.085080847 48.551172133 3677 NA
12.240080847 48.551172133 3678 NA
12.426080847 48.551172133 3679 NA
12.581080847 48.551172133 3680 NA
12.736080847 48.551172133 3681 NA
12.922080847 48.551172133 3682 NA
13.077080847 48.551172133 3683 NA
13.263080847 48.551172133 3684 NA
13.418080847 48.551172133 3685 NA
13.573080847 48.551172133 3686 NA
13.759080847 48.551172133 3687 NA
7.745080847 48.458172133 3707 13
7.931080847 48.458172133 3708 13
8.086080847 48.458172133 3709 11
8.241080847 48.458172133 3710 8
8.427080847 48.458172133 3711 9
8.582080847 48.458172133 3712 9
8.737080847 48.458172133 3713 NA
8.923080847 48.458172133 3714 10
9.078080847 48.458172133 3715 10
9.264080847 48.458172133 3716 8
9.419080847 48.458172133 3717 9
9.574080847 48.458172133 3718 10
9.760080847 48.458172133 3719 8
9.915080847 48.458172133 3720 12
10.070080847 48.458172133 3721 NA
10.256080847 48.458172133 3722 10
10.411080847 48.458172133 3723 10
10.597080847 48.458172133 3724 12
10.752080847 48.458172133 3725 11
10.907080847 48.458172133 3726 8
11.093080847 48.458172133 3727 11
11.248080847 48.458172133 3728 9
11.403080847 48.458172133 3729 NA
11.589080847 48.458172133 3730 10
11.744080847 48.458172133 3731 10
11.930080847 48.458172133 3732 10
12.085080847 48.458172133 3733 8
12.240080847 48.458172133 3734 8
12.426080847 48.458172133 3735 9
12.581080847 48.458172133 3736 7
12.736080847 48.458172133 3737 NA
12.922080847 48.458172133 3738 11
13.077080847 48.458172133 3739 10
13.263080847 48.458172133 3740 6
13.418080847 48.458172133 3741 10
7.745080847 48.334172133 3763 12
7.931080847 48.334172133 3764 13
8.086080847 48.334172133 3765 10
8.241080847 48.334172133 3766 10
8.427080847 48.334172133 3767 10
8.582080847 48.334172133 3768 9
8.737080847 48.334172133 3769 NA
8.923080847 48.334172133 3770 10
9.078080847 48.334172133 3771 7
9.264080847 48.334172133 3772 7
9.419080847 48.334172133 3773 6
9.574080847 48.334172133 3774 8
9.760080847 48.334172133 3775 10
9.915080847 48.334172133 3776 11
10.070080847 48.334172133 3777 NA
10.256080847 48.334172133 3778 8
10.411080847 48.334172133 3779 11
10.597080847 48.334172133 3780 9
10.752080847 48.334172133 3781 10
10.907080847 48.334172133 3782 13
11.093080847 48.334172133 3783 8
11.248080847 48.334172133 3784 10
11.403080847 48.334172133 3785 NA
11.589080847 48.334172133 3786 10
11.744080847 48.334172133 3787 10
11.930080847 48.334172133 3788 10
12.085080847 48.334172133 3789 9
12.240080847 48.334172133 3790 9
12.426080847 48.334172133 3791 9
12.581080847 48.334172133 3792 9
12.736080847 48.334172133 3793 NA
12.922080847 48.334172133 3794 9
13.077080847 48.334172133 3795 10
13.263080847 48.334172133 3796 10
13.418080847 48.334172133 3797 9
7.590080847 48.241172133 3818 9
7.745080847 48.241172133 3819 11
7.931080847 48.241172133 3820 10
8.086080847 48.241172133 3821 11
8.241080847 48.241172133 3822 9
8.427080847 48.241172133 3823 10
8.582080847 48.241172133 3824 9
8.737080847 48.241172133 3825 NA
8.923080847 48.241172133 3826 7
9.078080847 48.241172133 3827 9
9.264080847 48.241172133 3828 6
9.419080847 48.241172133 3829 7
9.574080847 48.241172133 3830 9
9.760080847 48.241172133 3831 9
9.915080847 48.241172133 3832 10
10.070080847 48.241172133 3833 NA
10.256080847 48.241172133 3834 8
10.411080847 48.241172133 3835 9
10.597080847 48.241172133 3836 9
10.752080847 48.241172133 3837 10
10.907080847 48.241172133 3838 9
11.093080847 48.241172133 3839 8
11.248080847 48.241172133 3840 10
11.403080847 48.241172133 3841 NA
11.589080847 48.241172133 3842 13
11.744080847 48.241172133 3843 7
11.930080847 48.241172133 3844 9
12.085080847 48.241172133 3845 10
12.240080847 48.241172133 3846 10
12.426080847 48.241172133 3847 10
12.581080847 48.241172133 3848 10
12.736080847 48.241172133 3849 NA
12.922080847 48.241172133 3850 11
13.077080847 48.241172133 3851 10
7.590080847 48.148172133 3874 11
7.745080847 48.148172133 3875 11
7.931080847 48.148172133 3876 11
8.086080847 48.148172133 3877 11
8.241080847 48.148172133 3878 11
8.427080847 48.148172133 3879 10
8.582080847 48.148172133 3880 10
8.737080847 48.148172133 3881 NA
8.923080847 48.148172133 3882 9
9.078080847 48.148172133 3883 10
9.264080847 48.148172133 3884 6
9.419080847 48.148172133 3885 7
9.574080847 48.148172133 3886 8
9.760080847 48.148172133 3887 8
9.915080847 48.148172133 3888 8
10.070080847 48.148172133 3889 NA
10.256080847 48.148172133 3890 11
10.411080847 48.148172133 3891 8
10.597080847 48.148172133 3892 10
10.752080847 48.148172133 3893 11
10.907080847 48.148172133 3894 8
11.093080847 48.148172133 3895 8
11.248080847 48.148172133 3896 11
11.403080847 48.148172133 3897 NA
11.589080847 48.148172133 3898 13
11.744080847 48.148172133 3899 10
11.930080847 48.148172133 3900 8
12.085080847 48.148172133 3901 8
12.240080847 48.148172133 3902 11
12.426080847 48.148172133 3903 11
12.581080847 48.148172133 3904 10
12.736080847 48.148172133 3905 NA
7.590080847 48.055172133 3930 NA
7.745080847 48.055172133 3931 NA
7.931080847 48.055172133 3932 NA
8.086080847 48.055172133 3933 NA
8.241080847 48.055172133 3934 NA
8.427080847 48.055172133 3935 NA
8.582080847 48.055172133 3936 NA
8.737080847 48.055172133 3937 NA
8.923080847 48.055172133 3938 NA
9.078080847 48.055172133 3939 NA
9.264080847 48.055172133 3940 NA
9.419080847 48.055172133 3941 NA
9.574080847 48.055172133 3942 NA
9.760080847 48.055172133 3943 NA
9.915080847 48.055172133 3944 NA
10.070080847 48.055172133 3945 NA
10.256080847 48.055172133 3946 NA
10.411080847 48.055172133 3947 NA
10.597080847 48.055172133 3948 NA
10.752080847 48.055172133 3949 NA
10.907080847 48.055172133 3950 NA
11.093080847 48.055172133 3951 NA
11.248080847 48.055172133 3952 NA
11.403080847 48.055172133 3953 NA
11.589080847 48.055172133 3954 NA
11.744080847 48.055172133 3955 NA
11.930080847 48.055172133 3956 NA
12.085080847 48.055172133 3957 NA
12.240080847 48.055172133 3958 NA
12.426080847 48.055172133 3959 NA
12.581080847 48.055172133 3960 NA
12.736080847 48.055172133 3961 NA
7.590080847 47.962172133 3986 11
7.745080847 47.962172133 3987 11
7.931080847 47.962172133 3988 14
8.086080847 47.962172133 3989 9
8.241080847 47.962172133 3990 9
8.427080847 47.962172133 3991 10
8.582080847 47.962172133 3992 9
8.737080847 47.962172133 3993 NA
8.923080847 47.962172133 3994 9
9.078080847 47.962172133 3995 9
9.264080847 47.962172133 3996 9
9.419080847 47.962172133 3997 9
9.574080847 47.962172133 3998 9
9.760080847 47.962172133 3999 9
9.915080847 47.962172133 4000 9
10.070080847 47.962172133 4001 NA
10.256080847 47.962172133 4002 10
10.411080847 47.962172133 4003 9
10.597080847 47.962172133 4004 9
10.752080847 47.962172133 4005 6
10.907080847 47.962172133 4006 8
11.093080847 47.962172133 4007 8
11.248080847 47.962172133 4008 11
11.403080847 47.962172133 4009 NA
11.589080847 47.962172133 4010 9
11.744080847 47.962172133 4011 8
11.930080847 47.962172133 4012 10
12.085080847 47.962172133 4013 11
12.240080847 47.962172133 4014 10
12.426080847 47.962172133 4015 10
12.581080847 47.962172133 4016 12
12.736080847 47.962172133 4017 NA
12.922080847 47.962172133 4018 12
7.590080847 47.838172133 4042 10
7.745080847 47.838172133 4043 11
7.931080847 47.838172133 4044 10
8.086080847 47.838172133 4045 8
8.241080847 47.838172133 4046 10
8.427080847 47.838172133 4047 9
8.582080847 47.838172133 4048 9
8.737080847 47.838172133 4049 NA
8.923080847 47.838172133 4050 10
9.078080847 47.838172133 4051 10
9.264080847 47.838172133 4052 10
9.419080847 47.838172133 4053 9
9.574080847 47.838172133 4054 10
9.760080847 47.838172133 4055 11
9.915080847 47.838172133 4056 9
10.070080847 47.838172133 4057 NA
10.256080847 47.838172133 4058 10
10.411080847 47.838172133 4059 9
10.597080847 47.838172133 4060 9
10.752080847 47.838172133 4061 5
10.907080847 47.838172133 4062 11
11.093080847 47.838172133 4063 12
11.248080847 47.838172133 4064 8
11.403080847 47.838172133 4065 NA
11.589080847 47.838172133 4066 11
11.744080847 47.838172133 4067 8
11.930080847 47.838172133 4068 9
12.085080847 47.838172133 4069 13
12.240080847 47.838172133 4070 9
12.426080847 47.838172133 4071 8
12.581080847 47.838172133 4072 9
12.736080847 47.838172133 4073 NA
12.922080847 47.838172133 4074 12
7.590080847 47.745172133 4098 10
7.745080847 47.745172133 4099 11
7.931080847 47.745172133 4100 11
8.086080847 47.745172133 4101 9
8.241080847 47.745172133 4102 11
8.427080847 47.745172133 4103 9
8.582080847 47.745172133 4104 NA
8.737080847 47.745172133 4105 NA
8.923080847 47.745172133 4106 14
9.078080847 47.745172133 4107 13
9.264080847 47.745172133 4108 11
9.419080847 47.745172133 4109 11
9.574080847 47.745172133 4110 10
9.760080847 47.745172133 4111 9
9.915080847 47.745172133 4112 9
10.070080847 47.745172133 4113 NA
10.256080847 47.745172133 4114 12
10.411080847 47.745172133 4115 9
10.597080847 47.745172133 4116 9
10.752080847 47.745172133 4117 7
10.907080847 47.745172133 4118 7
11.093080847 47.745172133 4119 7
11.248080847 47.745172133 4120 7
11.403080847 47.745172133 4121 NA
11.589080847 47.745172133 4122 9
11.744080847 47.745172133 4123 9
11.930080847 47.745172133 4124 6
12.085080847 47.745172133 4125 7
12.240080847 47.745172133 4126 5
12.426080847 47.745172133 4127 7
12.581080847 47.745172133 4128 4
12.736080847 47.745172133 4129 NA
12.922080847 47.745172133 4130 10
7.590080847 47.652172133 4154 11
7.745080847 47.652172133 4155 12
7.931080847 47.652172133 4156 11
8.086080847 47.652172133 4157 13
8.241080847 47.652172133 4158 12
8.427080847 47.652172133 4159 12
8.582080847 47.652172133 4160 12
8.737080847 47.652172133 4161 NA
8.923080847 47.652172133 4162 11
9.078080847 47.652172133 4163 12
9.264080847 47.652172133 4164 NA
9.419080847 47.652172133 4165 13
9.574080847 47.652172133 4166 11
9.760080847 47.652172133 4167 10
9.915080847 47.652172133 4168 9
10.070080847 47.652172133 4169 NA
10.256080847 47.652172133 4170 9
10.411080847 47.652172133 4171 9
10.597080847 47.652172133 4172 8
10.752080847 47.652172133 4173 7
10.907080847 47.652172133 4174 4
11.093080847 47.652172133 4175 6
11.248080847 47.652172133 4176 6
11.403080847 47.652172133 4177 NA
11.589080847 47.652172133 4178 7
11.744080847 47.652172133 4179 5
11.930080847 47.652172133 4180 4
12.085080847 47.652172133 4181 5
12.240080847 47.652172133 4182 6
12.426080847 47.652172133 4183 7
12.581080847 47.652172133 4184 2
12.736080847 47.652172133 4185 NA
12.922080847 47.652172133 4186 6
13.077080847 47.652172133 4187 7
7.590080847 47.559172133 4210 NA
7.745080847 47.559172133 4211 NA
7.931080847 47.559172133 4212 NA
8.086080847 47.559172133 4213 NA
8.241080847 47.559172133 4214 NA
8.427080847 47.559172133 4215 NA
8.582080847 47.559172133 4216 NA
9.574080847 47.559172133 4222 NA
9.760080847 47.559172133 4223 NA
9.915080847 47.559172133 4224 NA
10.070080847 47.559172133 4225 NA
10.256080847 47.559172133 4226 NA
10.411080847 47.559172133 4227 NA
10.597080847 47.559172133 4228 NA
10.752080847 47.559172133 4229 NA
10.907080847 47.559172133 4230 NA
11.093080847 47.559172133 4231 NA
11.248080847 47.559172133 4232 NA
11.403080847 47.559172133 4233 NA
11.589080847 47.559172133 4234 NA
12.736080847 47.559172133 4241 NA
12.922080847 47.559172133 4242 NA
13.077080847 47.559172133 4243 NA
10.070080847 47.435172133 4281 NA
10.256080847 47.435172133 4282 NA
10.411080847 47.435172133 4283 NA
10.907080847 47.435172133 4286 NA
11.093080847 47.435172133 4287 NA
11.248080847 47.435172133 4288 NA
11.403080847 47.435172133 4289 NA
12.922080847 47.435172133 4298 NA
10.070080847 47.342172133 4337 NA
10.256080847 47.342172133 4338 NA
10.411080847 47.342172133 4339 NA
10.256080847 47.249172133 4394 1
